2-Eigenfreq	2-Eigenfreq	2-Eigenfreq	2-Eigenfreq	2-Eigenfreq	2-Eigenfreq	2-Eigenfreq
Zeit (s)	Winkel (rad)	Winkelgeschwindigkeit (rad/s)	Winkelbeschleunigung (rad/s²)	Position (m)	Geschwindigkeit (m/s)	Beschleunigung (m/s²)
0,050	-0,077			-0,0018		
0,100	-2,763	-50,721		-0,0660	-1,211	
0,150	-5,149	-43,857	155,352	-0,1229	-1,047	3,709
0,200	-7,149	-35,186	188,339	-0,1707	-0,840	4,496
0,250	-8,668	-25,023	212,529	-0,2069	-0,597	5,074
0,300	-9,651	-13,933	226,352	-0,2304	-0,333	5,404
0,350	-10,061	-2,388	231,221	-0,2402	-0,057	5,520
0,400	-9,890	9,189	227,451	-0,2361	0,219	5,430
0,450	-9,142	20,358	214,728	-0,2182	0,486	5,126
0,500	-7,854	30,662	193,836	-0,1875	0,732	4,627
0,550	-6,076	39,741	165,248	-0,1451	0,949	3,945
0,600	-3,880	47,187	130,062	-0,0926	1,126	3,105
0,650	-1,357	52,747	88,593	-0,0324	1,259	2,115
0,700	1,395	56,046	41,783	0,0333	1,338	0,997
0,750	4,247	56,926	-7,226	0,1014	1,359	-0,173
0,800	7,087	55,323	-58,591	0,1692	1,321	-1,399
0,850	9,780	51,067	-109,328	0,2335	1,219	-2,610
0,900	12,194	44,391	-154,252	0,2911	1,060	-3,682
0,950	14,219	35,641	-191,951	0,3394	0,851	-4,583
1,000	15,758	25,196	-220,069	0,3762	0,601	-5,254
1,050	16,738	13,635	-236,876	0,3996	0,325	-5,655
1,100	17,122	1,508	-242,688	0,4087	0,036	-5,794
1,150	16,889	-10,634	-237,033	0,4032	-0,254	-5,659
1,200	16,058	-22,195	-220,540	0,3834	-0,530	-5,265
1,250	14,670	-32,688	-194,308	0,3502	-0,780	-4,639
1,300	12,789	-41,626	-158,965	0,3053	-0,994	-3,795
1,350	10,507	-48,585	-116,553	0,2508	-1,160	-2,782
1,400	7,931	-53,281	-68,330	0,1893	-1,272	-1,631
1,450	5,179	-55,418	-17,593	0,1236	-1,323	-0,420
1,500	2,389	-55,041	31,416	0,0570	-1,314	0,750
1,550	-0,325	-52,276	77,912	-0,0078	-1,248	1,860
1,600	-2,838	-47,250	118,752	-0,0678	-1,128	2,835
1,650	-5,050	-40,401	153,624	-0,1206	-0,964	3,667
1,700	-6,879	-31,887	183,783	-0,1642	-0,761	4,387
1,750	-8,239	-22,023	205,617	-0,1967	-0,526	4,909
1,800	-9,081	-11,325	217,398	-0,2168	-0,270	5,190
1,850	-9,371	-0,283	220,069	-0,2237	-0,007	5,254
1,900	-9,109	10,681	214,728	-0,2175	0,255	5,126
1,950	-8,303	21,190	201,376	-0,1982	0,506	4,808
2,000	-6,990	30,819	180,170	-0,1669	0,736	4,301
2,050	-5,221	39,207	151,268	-0,1247	0,936	3,611
2,100	-3,069	45,946	116,239	-0,0733	1,097	2,775
2,150	-0,627	50,831	76,341	-0,0150	1,213	1,822
2,200	2,014	53,580	31,573	0,0481	1,279	0,754
2,250	4,731	53,988	-15,708	0,1129	1,289	-0,375
2,300	7,413	52,009	-64,246	0,1770	1,242	-1,534
2,350	9,932	47,564	-111,370	0,2371	1,135	-2,659
2,400	12,169	40,872	-153,467	0,2905	0,976	-3,664
2,450	14,019	32,217	-188,496	0,3347	0,769	-4,500
2,500	15,391	22,023	-213,786	0,3674	0,526	-5,104
2,550	16,222	10,839	-228,237	0,3873	0,259	-5,449
2,600	16,475	-0,801	-231,378	0,3933	-0,019	-5,524
2,650	16,142	-12,299	-223,524	0,3853	-0,294	-5,336
2,700	15,245	-23,154	-206,246	0,3639	-0,553	-4,924
2,750	13,826	-32,924	-179,228	0,3301	-0,786	-4,279
2,800	11,952	-41,076	-143,100	0,2853	-0,981	-3,416
2,850	9,719	-47,234	-101,316	0,2320	-1,128	-2,419
2,900	7,229	-51,208	-55,135	0,1726	-1,222	-1,316
2,950	4,598	-52,747	-7,383	0,1098	-1,259	-0,176
3,000	1,954	-51,946	38,642	0,0466	-1,240	0,923
3,050	-0,597	-48,883	82,310	-0,0143	-1,167	1,965
3,100	-2,934	-43,715	120,166	-0,0701	-1,044	2,869
3,150	-4,968	-36,867	152,210	-0,1186	-0,880	3,634
3,200	-6,621	-28,494	179,228	-0,1581	-0,680	4,279
3,250	-7,818	-18,944	197,920	-0,1866	-0,452	4,725
3,300	-8,515	-8,702	207,817	-0,2033	-0,208	4,961
3,350	-8,688	1,838	209,387	-0,2074	0,044	4,999
3,400	-8,332	12,237	202,319	-0,1989	0,292	4,830
3,450	-7,464	22,070	187,710	-0,1782	0,527	4,481
3,500	-6,125	31,008	165,876	-0,1462	0,740	3,960
3,550	-4,364	38,657	137,288	-0,1042	0,923	3,277
3,600	-2,259	44,736	103,673	-0,0539	1,068	2,475
3,650	0,110	49,025	64,246	0,0026	1,170	1,534
3,700	2,644	51,161	20,577	0,0631	1,221	0,491
3,750	5,226	51,082	-24,662	0,1248	1,219	-0,589
3,800	7,752	48,695	-71,000	0,1851	1,162	-1,695
3,850	10,096	43,982	-114,668	0,2410	1,050	-2,737
3,900	12,150	37,228	-152,996	0,2901	0,889	-3,653
3,950	13,818	28,683	-184,569	0,3299	0,685	-4,406
4,000	15,018	18,771	-206,560	0,3585	0,448	-4,931
4,050	15,695	8,027	-218,027	0,3747	0,192	-5,205
4,100	15,821	-3,032	-218,812	0,3777	-0,072	-5,224
4,150	15,392	-13,854	-209,387	0,3675	-0,331	-4,999
4,200	14,436	-23,970	-190,695	0,3446	-0,572	-4,553
4,250	12,995	-32,924	-162,892	0,3102	-0,786	-3,889
4,300	11,143	-40,260	-128,020	0,2660	-0,961	-3,056
4,350	8,969	-45,726	-87,651	0,2141	-1,092	-2,093
4,400	6,571	-49,025	-42,883	0,1569	-1,170	-1,024
4,450	4,067	-50,014	1,885	0,0971	-1,194	0,045
4,500	1,569	-48,836	45,082	0,0375	-1,166	1,076
4,550	-0,817	-45,506	86,080	-0,0195	-1,086	2,055
4,600	-2,981	-40,228	120,794	-0,0712	-0,960	2,884
4,650	-4,840	-33,427	149,854	-0,1155	-0,798	3,577
4,700	-6,324	-25,243	174,516	-0,1510	-0,603	4,166
4,750	-7,364	-15,975	190,538	-0,1758	-0,381	4,549
4,800	-7,922	-6,189	197,920	-0,1891	-0,148	4,725
4,850	-7,983	3,817	197,920	-0,1906	0,091	4,725
4,900	-7,540	13,603	189,752	-0,1800	0,325	4,530
4,950	-6,622	22,792	174,516	-0,1581	0,544	4,166
5,000	-5,261	31,055	151,896	-0,1256	0,741	3,626
5,050	-3,517	37,982	123,622	-0,0840	0,907	2,951
5,100	-1,462	43,417	90,635	-0,0349	1,036	2,164
5,150	0,825	47,045	51,836	0,0197	1,123	1,238
5,200	3,242	48,600	10,053	0,0774	1,160	0,240
5,250	5,685	48,051	-32,830	0,1357	1,147	-0,784
5,300	8,047	45,318	-75,870	0,1921	1,082	-1,811
5,350	10,216	40,464	-116,239	0,2439	0,966	-2,775
5,400	12,094	33,694	-151,896	0,2887	0,804	-3,626
5,450	13,586	25,274	-180,485	0,3243	0,603	-4,309
5,500	14,621	15,645	-199,177	0,3490	0,373	-4,755
5,550	15,150	5,356	-207,817	0,3617	0,128	-4,961
5,600	15,157	-5,137	-206,874	0,3618	-0,123	-4,939
5,650	14,637	-15,331	-196,036	0,3494	-0,366	-4,680
5,700	13,624	-24,740	-176,401	0,3252	-0,591	-4,211
5,750	12,163	-32,971	-148,283	0,2904	-0,787	-3,540
5,800	10,326	-39,568	-113,097	0,2465	-0,945	-2,700
5,850	8,206	-44,281	-73,199	0,1959	-1,057	-1,748
5,900	5,898	-46,888	-30,316	0,1408	-1,119	-0,724
5,950	3,517	-47,312	11,624	0,0840	-1,130	0,278
6,000	1,167	-45,726	51,679	0,0279	-1,092	1,234
6,050	-1,056	-42,144	89,693	-0,0252	-1,006	2,141
6,100	-3,047	-36,757	121,894	-0,0728	-0,877	2,910
6,150	-4,731	-29,955	148,126	-0,1130	-0,715	3,536
6,200	-6,043	-21,944	169,646	-0,1443	-0,524	4,050
6,250	-6,926	-12,990	183,626	-0,1653	-0,310	4,384
6,300	-7,342	-3,581	188,653	-0,1753	-0,085	4,504
6,350	-7,284	5,875	186,611	-0,1739	0,140	4,455
6,400	-6,754	15,080	177,343	-0,1613	0,360	4,234
6,450	-5,776	23,609	160,536	-0,1379	0,564	3,832
6,500	-4,394	31,133	137,916	-0,1049	0,743	3,292
6,550	-2,663	37,401	110,427	-0,0636	0,893	2,636
6,600	-0,653	42,176	77,440	-0,0156	1,007	1,849
6,650	1,555	45,145	39,427	0,0371	1,078	0,941
6,700	3,861	46,119	-0,471	0,0922	1,101	-0,011
6,750	6,167	45,098	-41,626	0,1472	1,077	-0,994
6,800	8,371	41,956	-82,938	0,1998	1,002	-1,980
6,850	10,363	36,804	-120,637	0,2474	0,879	-2,880
6,900	12,051	29,892	-152,524	0,2877	0,714	-3,641
6,950	13,352	21,551	-176,715	0,3187	0,515	-4,219
7,000	14,206	12,221	-191,794	0,3391	0,292	-4,579
7,050	14,574	2,372	-196,978	0,3479	0,057	-4,703
7,100	14,443	-7,477	-193,365	0,3448	-0,178	-4,616
7,150	13,826	-16,965	-181,427	0,3301	-0,405	-4,331
7,200	12,747	-25,620	-160,378	0,3043	-0,612	-3,829
7,250	11,264	-33,002	-131,947	0,2689	-0,788	-3,150
7,300	9,447	-38,814	-97,704	0,2255	-0,927	-2,332
7,350	7,383	-42,773	-58,277	0,1762	-1,021	-1,391
7,400	5,169	-44,642	-17,122	0,1234	-1,066	-0,409
7,450	2,919	-44,485	21,834	0,0697	-1,062	0,521
7,500	0,721	-42,459	59,219	0,0172	-1,014	1,414
7,550	-1,327	-38,563	94,091	-0,0317	-0,921	2,246
7,600	-3,135	-33,050	123,151	-0,0749	-0,789	2,940
7,650	-4,632	-26,248	146,712	-0,1106	-0,627	3,503
7,700	-5,760	-18,378	165,091	-0,1375	-0,439	3,941
7,750	-6,470	-9,739	175,929	-0,1545	-0,233	4,200
7,800	-6,734	-0,785	178,757	-0,1608	-0,019	4,268
7,850	-6,549	8,137	174,830	-0,1563	0,194	4,174
7,900	-5,920	16,698	163,677	-0,1413	0,399	3,908
7,950	-4,879	24,504	145,770	-0,1165	0,585	3,480
8,000	-3,470	31,275	123,151	-0,0828	0,747	2,940
8,050	-1,751	36,819	95,662	-0,0418	0,879	2,284
8,100	0,212	40,841	62,361	0,0051	0,975	1,489
8,150	2,333	43,056	26,075	0,0557	1,028	0,622
8,200	4,518	43,448	-11,467	0,1078	1,037	-0,274
8,250	6,677	41,909	-50,737	0,1594	1,001	-1,211
8,300	8,709	38,375	-89,064	0,2079	0,916	-2,126
8,350	10,515	33,002	-123,465	0,2510	0,788	-2,948
8,400	12,009	26,028	-151,896	0,2867	0,621	-3,626
8,450	13,118	17,813	-172,631	0,3132	0,425	-4,121
8,500	13,790	8,765	-184,255	0,3292	0,209	-4,399
8,550	13,994	-0,613	-186,454	0,3341	-0,015	-4,451
8,600	13,729	-9,880	-180,485	0,3277	-0,236	-4,309
8,650	13,006	-18,661	-166,033	0,3105	-0,445	-3,964
8,700	11,863	-26,484	-143,414	0,2832	-0,632	-3,424
8,750	10,358	-33,002	-114,825	0,2473	-0,788	-2,741
8,800	8,562	-37,966	-80,739	0,2044	-0,906	-1,927
8,850	6,561	-41,076	-42,412	0,1566	-0,981	-1,012
8,900	4,455	-42,207	-4,084	0,1063	-1,008	-0,097
8,950	2,340	-41,485	31,887	0,0559	-0,990	0,761
9,000	0,306	-39,019	66,445	0,0073	-0,932	1,586
9,050	-1,561	-34,840	98,018	-0,0373	-0,832	2,340
9,100	-3,178	-29,217	123,936	-0,0759	-0,698	2,959
9,150	-4,483	-22,447	144,670	-0,1070	-0,536	3,454
9,200	-5,422	-14,750	159,750	-0,1295	-0,352	3,814
9,250	-5,958	-6,472	167,604	-0,1422	-0,155	4,001
9,300	-6,070	2,011	168,075	-0,1449	0,048	4,012
9,350	-5,757	10,336	161,792	-0,1374	0,247	3,862
9,400	-5,036	18,190	149,226	-0,1202	0,434	3,562
9,450	-3,938	25,258	130,690	-0,0940	0,603	3,120
9,500	-2,510	31,259	107,128	-0,0599	0,746	2,558
9,550	-0,812	35,971	79,325	-0,0194	0,859	1,894
9,600	1,087	39,191	46,967	0,0259	0,936	1,121
9,650	3,107	40,668	11,938	0,0742	0,971	0,285
9,700	5,154	40,385	-23,562	0,1230	0,964	-0,563
9,750	7,146	38,312	-60,162	0,1706	0,915	-1,436
9,800	8,985	34,369	-95,033	0,2145	0,820	-2,269
9,850	10,582	28,808	-124,878	0,2526	0,688	-2,981
9,900	11,866	21,881	-149,383	0,2833	0,522	-3,566
9,950	12,771	13,870	-166,505	0,3049	0,331	-3,975
10,000	13,253	5,231	-174,359	0,3164	0,125	-4,162
10,050	13,294	-3,566	-173,416	0,3174	-0,085	-4,140
10,100	12,896	-12,111	-164,148	0,3079	-0,289	-3,919
10,150	12,083	-19,981	-147,341	0,2884	-0,477	-3,517
10,200	10,898	-26,845	-124,564	0,2602	-0,641	-2,974
10,250	9,398	-32,437	-95,976	0,2244	-0,774	-2,291
10,300	7,654	-36,443	-62,204	0,1827	-0,870	-1,485
10,350	5,754	-38,657	-26,861	0,1374	-0,923	-0,641
10,400	3,789	-39,129	6,754	0,0904	-0,934	0,161
10,450	1,841	-37,982	39,427	0,0439	-0,907	0,941
10,500	-0,009	-35,186	71,157	-2,2500E-4	-0,840	1,699
10,550	-1,678	-30,866	99,117	-0,0401	-0,737	2,366
10,600	-3,096	-25,274	122,365	-0,0739	-0,603	2,921
10,650	-4,205	-18,630	140,115	-0,1004	-0,445	3,345
10,700	-4,959	-11,263	151,582	-0,1184	-0,269	3,619
10,750	-5,331	-3,471	156,923	-0,1273	-0,083	3,746
10,800	-5,306	4,430	155,509	-0,1267	0,106	3,712
10,850	-4,888	12,079	147,498	-0,1167	0,288	3,521
10,900	-4,098	19,179	133,832	-0,0978	0,458	3,195
10,950	-2,970	25,463	115,297	-0,0709	0,608	2,753
11,000	-1,552	30,709	92,363	-0,0371	0,733	2,205
11,050	0,101	34,699	64,874	0,0024	0,828	1,549
11,100	1,918	37,196	33,615	0,0458	0,888	0,803
11,150	3,820	38,060	0,628	0,0912	0,909	0,015
11,200	5,724	37,259	-33,301	0,1366	0,890	-0,795
11,250	7,546	34,730	-67,387	0,1801	0,829	-1,609
11,300	9,197	30,521	-98,332	0,2196	0,729	-2,347
11,350	10,598	24,897	-124,407	0,2530	0,594	-2,970
11,400	11,687	18,080	-144,985	0,2790	0,432	-3,461
11,450	12,406	10,399	-157,865	0,2962	0,248	-3,769
11,500	12,727	2,293	-162,263	0,3038	0,055	-3,874
11,550	12,635	-5,828	-158,965	0,3016	-0,139	-3,795
11,600	12,144	-13,603	-148,755	0,2899	-0,325	-3,551
11,650	11,275	-20,703	-131,790	0,2692	-0,494	-3,146
11,700	10,074	-26,782	-109,013	0,2405	-0,639	-2,603
11,750	8,597	-31,604	-81,524	0,2052	-0,755	-1,946
11,800	6,913	-34,935	-49,480	0,1650	-0,834	-1,181
11,850	5,104	-36,552	-16,022	0,1218	-0,873	-0,383
11,900	3,258	-36,537	15,394	0,0778	-0,872	0,368
11,950	1,450	-35,013	46,024	0,0346	-0,836	1,099
12,000	-0,243	-31,934	75,555	-0,0058	-0,762	1,804
12,050	-1,744	-27,458	100,531	-0,0416	-0,655	2,400
12,100	-2,989	-21,881	120,480	-0,0714	-0,522	2,876
12,150	-3,932	-15,410	135,717	-0,0939	-0,368	3,240
12,200	-4,530	-8,310	144,670	-0,1082	-0,198	3,454
12,250	-4,763	-0,942	147,184	-0,1137	-0,023	3,514
12,300	-4,624	6,409	143,885	-0,1104	0,153	3,435
12,350	-4,122	13,446	134,460	-0,0984	0,321	3,210
12,400	-3,280	19,855	120,166	-0,0783	0,474	2,869
12,450	-2,136	25,463	102,102	-0,0510	0,608	2,438
12,500	-0,734	30,065	79,011	-0,0175	0,718	1,886
12,550	0,870	33,364	51,208	0,0208	0,796	1,222
12,600	2,603	35,186	21,520	0,0621	0,840	0,514
12,650	4,389	35,516	-8,796	0,1048	0,848	-0,210
12,700	6,154	34,306	-40,841	0,1469	0,819	-0,975
12,750	7,819	31,432	-72,728	0,1867	0,750	-1,736
12,800	9,298	27,033	-100,374	0,2220	0,645	-2,396
12,850	10,523	21,394	-123,308	0,2512	0,511	-2,944
12,900	11,437	14,703	-140,743	0,2730	0,351	-3,360
12,950	11,993	7,320	-150,168	0,2863	0,175	-3,585
13,000	12,169	-0,314	-151,739	0,2905	-0,008	-3,622
13,050	11,962	-7,854	-146,398	0,2856	-0,187	-3,495
13,100	11,384	-14,954	-134,617	0,2718	-0,357	-3,214
13,150	10,466	-21,316	-117,181	0,2499	-0,509	-2,798
13,200	9,252	-26,672	-94,091	0,2209	-0,637	-2,246
13,250	7,799	-30,725	-66,288	0,1862	-0,734	-1,582
13,300	6,180	-33,301	-35,814	0,1475	-0,795	-0,855
13,350	4,469	-34,306	-4,869	0,1067	-0,819	-0,116
13,400	2,749	-33,788	24,190	0,0656	-0,807	0,578
13,450	1,090	-31,887	52,150	0,0260	-0,761	1,245
13,500	-0,440	-28,573	78,697	-0,0105	-0,682	1,879
13,550	-1,767	-24,017	100,531	-0,0422	-0,573	2,400
13,600	-2,842	-18,520	117,810	-0,0678	-0,442	2,812
13,650	-3,619	-12,237	130,376	-0,0864	-0,292	3,113
13,700	-4,065	-5,482	136,816	-0,0971	-0,131	3,266
13,750	-4,167	1,445	137,288	-0,0995	0,035	3,277
13,800	-3,921	8,247	131,947	-0,0936	0,197	3,150
13,850	-3,343	14,640	121,737	-0,0798	0,350	2,906
13,900	-2,457	20,420	107,128	-0,0587	0,488	2,558
13,950	-1,301	25,353	87,965	-0,0311	0,605	2,100
14,000	0,079	29,217	64,874	0,0019	0,698	1,549
14,050	1,621	31,840	38,642	0,0387	0,760	0,922
14,100	3,263	33,081	10,053	0,0779	0,790	0,240
14,150	4,929	32,845	-19,478	0,1177	0,784	-0,465
14,200	6,547	31,133	-48,381	0,1563	0,743	-1,155
14,250	8,042	28,007	-75,870	0,1920	0,669	-1,811
14,300	9,348	23,546	-100,374	0,2232	0,562	-2,396
14,350	10,397	17,970	-119,852	0,2482	0,429	-2,861
14,400	11,145	11,561	-133,675	0,2661	0,276	-3,191
14,450	11,553	4,602	-140,743	0,2758	0,110	-3,360
14,500	11,605	-2,513	-140,272	0,2770	-0,060	-3,349
14,550	11,302	-9,425	-133,047	0,2698	-0,225	-3,176
14,600	10,663	-15,818	-119,852	0,2545	-0,378	-2,861
14,650	9,720	-21,410	-101,631	0,2320	-0,511	-2,426
14,700	8,522	-25,981	-79,168	0,2034	-0,620	-1,890
14,750	7,122	-29,327	-53,093	0,1700	-0,700	-1,267
14,800	5,589	-31,290	-25,133	0,1334	-0,747	-0,600
14,850	3,993	-31,840	2,670	0,0953	-0,760	0,064
14,900	2,405	-31,023	29,531	0,0574	-0,741	0,705
14,950	0,891	-28,887	55,606	0,0213	-0,690	1,328
15,000	-0,484	-25,463	79,482	-0,0116	-0,608	1,898
15,050	-1,656	-20,939	98,960	-0,0395	-0,500	2,363
15,100	-2,578	-15,567	113,726	-0,0615	-0,372	2,715
15,150	-3,212	-9,566	123,465	-0,0767	-0,228	2,947
15,200	-3,534	-3,220	127,863	-0,0844	-0,077	3,053
15,250	-3,534	3,220	126,763	-0,0844	0,077	3,026
15,300	-3,212	9,456	120,166	-0,0767	0,226	2,869
15,350	-2,589	15,237	109,328	-0,0618	0,364	2,610
15,400	-1,689	20,389	94,405	-0,0403	0,487	2,254
15,450	-0,550	24,677	75,398	-0,0131	0,589	1,800
15,500	0,779	27,929	52,936	0,0186	0,667	1,264
15,550	2,243	29,971	27,489	0,0535	0,715	0,656
15,600	3,776	30,678	0,628	0,0901	0,732	0,015
15,650	5,311	30,034	-26,389	0,1268	0,717	-0,630
15,700	6,780	28,039	-52,779	0,1618	0,669	-1,260
15,750	8,115	24,756	-77,126	0,1937	0,591	-1,841
15,800	9,255	20,326	-98,175	0,2209	0,485	-2,344
15,850	10,147	14,938	-114,825	0,2422	0,357	-2,741
15,900	10,749	8,844	-125,978	0,2566	0,211	-3,007
15,950	11,032	2,340	-130,376	0,2634	0,056	-3,113
16,000	10,983	-4,194	-127,706	0,2622	-0,100	-3,049
16,050	10,612	-10,430	-119,224	0,2533	-0,249	-2,846
16,100	9,940	-16,116	-105,872	0,2373	-0,385	-2,528
16,150	9,001	-21,017	-87,808	0,2149	-0,502	-2,096
16,200	7,838	-24,897	-65,816	0,1871	-0,594	-1,571
16,250	6,511	-27,599	-41,312	0,1554	-0,659	-0,986
16,300	5,078	-29,028	-15,708	0,1212	-0,693	-0,375
16,350	3,608	-29,170	9,268	0,0861	-0,696	0,221
16,400	2,161	-28,102	33,458	0,0516	-0,671	0,799
16,450	0,798	-25,824	56,863	0,0190	-0,617	1,357
16,500	-0,421	-22,415	77,754	-0,0101	-0,535	1,856
16,550	-1,444	-18,048	95,033	-0,0345	-0,431	2,269
16,600	-2,226	-12,912	107,757	-0,0531	-0,308	2,572
16,650	-2,735	-7,273	114,982	-0,0653	-0,174	2,745
16,700	-2,953	-1,414	117,339	-0,0705	-0,034	2,801
16,750	-2,876	4,461	115,139	-0,0687	0,107	2,749
16,800	-2,507	10,100	108,228	-0,0599	0,241	2,584
16,850	-1,866	15,284	97,389	-0,0446	0,365	2,325
16,900	-0,979	19,839	82,624	-0,0234	0,474	1,973
16,950	0,118	23,546	64,089	0,0028	0,562	1,530
17,000	1,376	26,248	42,254	0,0328	0,627	1,009
17,050	2,743	27,772	18,378	0,0655	0,663	0,439
17,100	4,153	28,086	-5,655	0,0991	0,670	-0,135
17,150	5,551	27,206	-30,002	0,1325	0,650	-0,716
17,200	6,874	25,086	-53,721	0,1641	0,599	-1,283
17,250	8,060	21,834	-75,398	0,1924	0,521	-1,800
17,300	9,057	17,546	-94,248	0,2162	0,419	-2,250
17,350	9,814	12,409	-108,385	0,2343	0,296	-2,587
17,400	10,298	6,707	-117,024	0,2458	0,160	-2,794
17,450	10,485	0,707	-119,538	0,2503	0,017	-2,854
17,500	10,369	-5,246	-115,925	0,2475	-0,125	-2,768
17,550	9,960	-10,886	-107,285	0,2378	-0,260	-2,561
17,600	9,280	-15,975	-93,620	0,2215	-0,381	-2,235
17,650	8,363	-20,248	-75,555	0,1996	-0,483	-1,804
17,700	7,256	-23,531	-54,664	0,1732	-0,562	-1,305
17,750	6,010	-25,714	-32,201	0,1435	-0,614	-0,769
17,800	4,684	-26,751	-9,268	0,1118	-0,639	-0,221
17,850	3,335	-26,641	13,666	0,0796	-0,636	0,326
17,900	2,020	-25,384	35,971	0,0482	-0,606	0,859
17,950	0,796	-23,044	56,863	0,0190	-0,550	1,358
18,000	-0,284	-19,698	75,241	-0,0068	-0,470	1,796
18,050	-1,173	-15,519	90,007	-0,0280	-0,370	2,149
18,100	-1,836	-10,697	101,002	-0,0438	-0,255	2,411
18,150	-2,243	-5,419	106,971	-0,0536	-0,129	2,554
18,200	-2,378	0,000	107,443	-0,0568	0,000	2,565
18,250	-2,243	5,325	104,144	-0,0536	0,127	2,486
18,300	-1,846	10,414	97,232	-0,0441	0,249	2,321
18,350	-1,202	15,048	86,394	-0,0287	0,359	2,063
18,400	-0,341	19,054	72,100	-0,0081	0,455	1,721
18,450	0,704	22,258	54,350	0,0168	0,531	1,297
18,500	1,885	24,489	33,772	0,0450	0,585	0,806
18,550	3,153	25,635	11,467	0,0753	0,612	0,274
18,600	4,448	25,635	-11,310	0,1062	0,612	-0,270
18,650	5,716	24,504	-33,458	0,1365	0,585	-0,799
18,700	6,899	22,290	-54,507	0,1647	0,532	-1,301
18,750	7,945	19,054	-73,827	0,1897	0,455	-1,763
18,800	8,804	14,907	-90,007	0,2102	0,356	-2,149
18,850	9,436	10,053	-101,316	0,2253	0,240	-2,419
18,900	9,810	4,775	-107,285	0,2342	0,114	-2,561
18,950	9,913	-0,675	-107,914	0,2367	-0,016	-2,576
19,000	9,742	-6,016	-103,201	0,2326	-0,144	-2,464
19,050	9,312	-10,996	-94,091	0,2223	-0,262	-2,246
19,100	8,643	-15,425	-80,896	0,2063	-0,368	-1,931
19,150	7,769	-19,085	-64,403	0,1855	-0,456	-1,537
19,200	6,734	-21,866	-45,553	0,1608	-0,522	-1,088
19,250	5,583	-23,641	-24,976	0,1333	-0,564	-0,596
19,300	4,370	-24,363	-3,927	0,1043	-0,582	-0,094
19,350	3,146	-24,033	17,279	0,0751	-0,574	0,413
19,400	1,967	-22,635	37,542	0,0469	-0,540	0,896
19,450	0,883	-20,279	56,077	0,0211	-0,484	1,339
19,500	-0,061	-17,027	73,042	-0,0015	-0,407	1,744
19,550	-0,820	-12,975	86,394	-0,0196	-0,310	2,063
19,600	-1,359	-8,388	94,876	-0,0324	-0,200	2,265
19,650	-1,659	-3,487	98,803	-0,0396	-0,083	2,359
19,700	-1,707	1,492	97,547	-0,0408	0,036	2,329
19,750	-1,510	6,267	92,049	-0,0360	0,150	2,198
19,800	-1,081	10,697	84,195	-0,0258	0,255	2,010
19,850	-0,440	14,687	73,670	-0,0105	0,351	1,759
19,900	0,388	18,064	59,376	0,0093	0,431	1,418
19,950	1,367	20,625	42,254	0,0326	0,492	1,009
20,000	2,450	22,290	23,719	0,0585	0,532	0,566
20,050	3,596	22,996	3,770	0,0858	0,549	0,090
20,100	4,750	22,667	-16,493	0,1134	0,541	-0,394
20,150	5,862	21,347	-35,814	0,1399	0,510	-0,855
20,200	6,885	19,085	-53,878	0,1644	0,456	-1,286
20,250	7,771	15,959	-70,215	0,1855	0,381	-1,676
20,300	8,481	12,064	-83,409	0,2025	0,288	-1,991
20,350	8,977	7,618	-92,049	0,2143	0,182	-2,197
20,400	9,243	2,859	-95,819	0,2206	0,068	-2,287
20,450	9,263	-1,963	-94,719	0,2211	-0,047	-2,261
20,500	9,046	-6,613	-89,221	0,2160	-0,158	-2,130
20,550	8,602	-10,886	-79,797	0,2053	-0,260	-1,905
20,600	7,958	-14,593	-67,544	0,1900	-0,348	-1,612
20,650	7,142	-17,640	-52,622	0,1705	-0,421	-1,256
20,700	6,194	-19,855	-35,343	0,1479	-0,474	-0,844
20,750	5,157	-21,174	-17,436	0,1231	-0,506	-0,416
20,800	4,076	-21,598	0,942	0,0973	-0,516	0,023
20,850	2,997	-21,080	19,949	0,0715	-0,503	0,476
20,900	1,968	-19,604	37,856	0,0470	-0,468	0,904
20,950	1,037	-17,294	53,878	0,0247	-0,413	1,286
21,000	0,239	-14,216	68,173	0,0057	-0,339	1,628
21,050	-0,385	-10,477	79,482	-0,0092	-0,250	1,898
21,100	-0,809	-6,267	86,394	-0,0193	-0,150	2,062
21,150	-1,012	-1,838	87,965	-0,0242	-0,044	2,100
21,200	-0,993	2,529	85,137	-0,0237	0,060	2,033
21,250	-0,759	6,676	79,639	-0,0181	0,159	1,901
21,300	-0,325	10,493	71,943	-0,0078	0,250	1,717
21,350	0,291	13,870	61,418	0,0069	0,331	1,466
21,400	1,062	16,635	48,066	0,0253	0,397	1,148
21,450	1,954	18,677	32,673	0,0466	0,446	0,780
21,500	2,930	19,902	15,394	0,0699	0,475	0,367
21,550	3,944	20,216	-2,513	0,0942	0,483	-0,060
21,600	4,951	19,651	-19,792	0,1182	0,469	-0,472
21,650	5,909	18,237	-36,443	0,1411	0,435	-0,870
21,700	6,775	16,006	-51,679	0,1617	0,382	-1,234
21,750	7,510	13,069	-64,717	0,1793	0,312	-1,545
21,800	8,082	9,535	-75,084	0,1929	0,228	-1,793
21,850	8,463	5,561	-81,681	0,2020	0,133	-1,950
21,900	8,638	1,367	-83,881	0,2062	0,033	-2,002
21,950	8,600	-2,827	-81,524	0,2053	-0,068	-1,946
22,000	8,355	-6,786	-75,398	0,1995	-0,162	-1,800
22,050	7,922	-10,367	-66,916	0,1891	-0,247	-1,597
22,100	7,318	-13,477	-55,920	0,1747	-0,322	-1,335
22,150	6,574	-15,959	-42,254	0,1569	-0,381	-1,009
22,200	5,722	-17,703	-27,332	0,1366	-0,423	-0,653
22,250	4,803	-18,692	-11,938	0,1147	-0,446	-0,285
22,300	3,853	-18,897	4,555	0,0920	-0,451	0,109
22,350	2,914	-18,237	21,677	0,0696	-0,435	0,517
22,400	2,029	-16,729	37,228	0,0484	-0,399	0,889
22,450	1,241	-14,514	50,894	0,0296	-0,347	1,215
22,500	0,578	-11,640	62,989	0,0138	-0,278	1,504
22,550	0,077	-8,215	71,943	0,0018	-0,196	1,718
22,600	-0,243	-4,445	76,655	-0,0058	-0,106	1,830
22,650	-0,368	-0,550	76,812	-0,0088	-0,013	1,834
22,700	-0,298	3,236	73,356	-0,0071	0,077	1,751
22,750	-0,044	6,786	67,858	-0,0011	0,162	1,620
22,800	0,380	10,022	60,319	0,0091	0,239	1,440
22,850	0,958	12,818	50,266	0,0229	0,306	1,200
22,900	1,662	15,048	38,013	0,0397	0,359	0,908
22,950	2,463	16,619	24,033	0,0588	0,397	0,574
23,000	3,324	17,452	8,796	0,0793	0,417	0,210
23,050	4,208	17,499	-7,069	0,1005	0,418	-0,169
23,100	5,074	16,745	-22,305	0,1211	0,400	-0,532
23,150	5,883	15,268	-36,285	0,1404	0,364	-0,866
23,200	6,600	13,116	-48,852	0,1576	0,313	-1,166
23,250	7,194	10,383	-59,219	0,1717	0,248	-1,414
23,300	7,639	7,194	-67,073	0,1824	0,172	-1,601
23,350	7,914	3,676	-71,314	0,1889	0,088	-1,702
23,400	8,006	0,063	-71,628	0,1911	0,002	-1,710
23,450	7,920	-3,487	-68,958	0,1891	-0,083	-1,646
23,500	7,658	-6,833	-63,146	0,1828	-0,163	-1,507
23,550	7,237	-9,802	-55,135	0,1728	-0,234	-1,316
23,600	6,677	-12,346	-45,396	0,1594	-0,295	-1,084
23,650	6,002	-14,341	-33,615	0,1433	-0,342	-0,802
23,700	5,243	-15,708	-20,263	0,1252	-0,375	-0,484
23,750	4,431	-16,368	-5,812	0,1058	-0,391	-0,139
23,800	3,607	-16,289	8,639	0,0861	-0,389	0,206
23,850	2,802	-15,504	23,091	0,0669	-0,370	0,551
23,900	2,056	-13,980	37,071	0,0491	-0,334	0,885
23,950	1,404	-11,797	49,009	0,0335	-0,282	1,170
24,000	0,877	-9,079	58,434	0,0209	-0,217	1,395
24,050	0,496	-5,953	65,031	0,0118	-0,142	1,553
24,100	0,281	-2,576	68,016	0,0067	-0,061	1,624
24,150	0,239	0,848	66,602	0,0057	0,020	1,590
24,200	0,366	4,084	61,889	0,0087	0,098	1,478
24,250	0,647	7,037	55,920	0,0154	0,168	1,335
24,300	1,070	9,676	48,695	0,0255	0,231	1,162
24,350	1,615	11,907	39,427	0,0385	0,284	0,941
24,400	2,260	13,619	27,960	0,0540	0,325	0,668
24,450	2,977	14,703	15,080	0,0711	0,351	0,360
24,500	3,731	15,127	1,728	0,0891	0,361	0,041
24,550	4,489	14,875	-11,938	0,1072	0,355	-0,285
24,600	5,218	13,933	-24,819	0,1246	0,333	-0,592
24,650	5,883	12,394	-36,443	0,1404	0,296	-0,870
24,700	6,458	10,289	-46,967	0,1542	0,246	-1,121
24,750	6,912	7,697	-55,135	0,1650	0,184	-1,316
24,800	7,227	4,775	-60,162	0,1725	0,114	-1,436
24,850	7,389	1,681	-61,889	0,1764	0,040	-1,478
24,900	7,395	-1,414	-60,319	0,1765	-0,034	-1,440
24,950	7,248	-4,351	-56,235	0,1730	-0,104	-1,343
25,000	6,960	-7,037	-50,737	0,1662	-0,168	-1,211
25,050	6,544	-9,425	-43,511	0,1562	-0,225	-1,039
25,100	6,018	-11,388	-34,086	0,1437	-0,272	-0,814
25,150	5,405	-12,833	-23,248	0,1290	-0,306	-0,555
25,200	4,734	-13,713	-11,467	0,1130	-0,327	-0,274
25,250	4,034	-13,980	1,100	0,0963	-0,334	0,026
25,300	3,336	-13,603	13,980	0,0796	-0,325	0,334
25,350	2,673	-12,582	26,389	0,0638	-0,300	0,630
25,400	2,078	-10,964	37,542	0,0496	-0,262	0,896
25,450	1,577	-8,828	47,281	0,0376	-0,211	1,129
25,500	1,195	-6,236	54,978	0,0285	-0,149	1,313
25,550	0,953	-3,330	58,434	0,0228	-0,079	1,395
25,600	0,862	-0,393	57,020	0,0206	-0,009	1,361
25,650	0,914	2,372	53,250	0,0218	0,057	1,271
25,700	1,100	4,932	48,852	0,0262	0,118	1,166
25,750	1,407	7,257	43,197	0,0336	0,173	1,031
25,800	1,825	9,252	35,814	0,0436	0,221	0,855
25,850	2,333	10,839	26,861	0,0557	0,259	0,641
25,900	2,909	11,938	16,493	0,0694	0,285	0,394
25,950	3,526	12,488	5,341	0,0842	0,298	0,128
26,000	4,158	12,472	-5,969	0,0993	0,298	-0,143
26,050	4,774	11,891	-16,965	0,1140	0,284	-0,405
26,100	5,347	10,776	-27,018	0,1276	0,257	-0,645
26,150	5,851	9,189	-35,971	0,1397	0,219	-0,859
26,200	6,266	7,179	-43,511	0,1496	0,171	-1,039
26,250	6,569	4,838	-48,695	0,1568	0,116	-1,163
26,300	6,750	2,309	-51,051	0,1611	0,055	-1,219
26,350	6,800	-0,267	-50,423	0,1623	-0,006	-1,204
26,400	6,723	-2,733	-47,595	0,1605	-0,065	-1,136
26,450	6,527	-5,027	-43,511	0,1558	-0,120	-1,039
26,500	6,220	-7,084	-37,856	0,1485	-0,169	-0,904
26,550	5,818	-8,812	-30,788	0,1389	-0,210	-0,735
26,600	5,339	-10,163	-22,619	0,1275	-0,243	-0,540
26,650	4,802	-11,074	-12,881	0,1146	-0,264	-0,307
26,700	4,232	-11,451	-2,199	0,1010	-0,273	-0,053
26,750	3,657	-11,294	8,168	0,0873	-0,270	0,195
26,800	3,102	-10,634	18,221	0,0741	-0,254	0,435
26,850	2,593	-9,472	28,117	0,0619	-0,226	0,671
26,900	2,155	-7,823	37,071	0,0514	-0,187	0,885
26,950	1,811	-5,765	44,296	0,0432	-0,138	1,057
27,000	1,579	-3,393	48,538	0,0377	-0,081	1,159
27,050	1,472	-0,911	48,066	0,0351	-0,022	1,147
27,100	1,488	1,414	44,139	0,0355	0,034	1,054
27,150	1,613	3,503	39,898	0,0385	0,084	0,952
27,200	1,838	5,404	35,657	0,0439	0,129	0,851
27,250	2,154	7,069	30,316	0,0514	0,169	0,724
27,300	2,545	8,435	23,405	0,0607	0,201	0,559
27,350	2,997	9,409	15,080	0,0715	0,225	0,360
27,400	3,486	9,943	6,283	0,0832	0,237	0,150
27,450	3,991	10,037	-2,827	0,0953	0,240	-0,067
27,500	4,489	9,660	-11,624	0,1072	0,231	-0,278
27,550	4,957	8,875	-19,949	0,1183	0,212	-0,476
27,600	5,377	7,665	-27,646	0,1284	0,183	-0,660
27,650	5,724	6,110	-33,772	0,1366	0,146	-0,806
27,700	5,988	4,288	-38,485	0,1429	0,102	-0,919
27,750	6,153	2,262	-40,841	0,1469	0,054	-0,975
27,800	6,214	0,204	-40,369	0,1483	0,005	-0,964
27,850	6,173	-1,775	-38,327	0,1474	-0,042	-0,915
27,900	6,037	-3,629	-35,029	0,1441	-0,087	-0,836
27,950	5,810	-5,278	-30,631	0,1387	-0,126	-0,731
28,000	5,509	-6,692	-25,447	0,1315	-0,160	-0,607
28,050	5,141	-7,823	-19,007	0,1227	-0,187	-0,454
28,100	4,727	-8,592	-11,310	0,1128	-0,205	-0,270
28,150	4,282	-8,954	-2,985	0,1022	-0,214	-0,071
28,200	3,831	-8,891	5,184	0,0915	-0,212	0,124
28,250	3,393	-8,435	13,195	0,0810	-0,201	0,315
28,300	2,988	-7,571	21,206	0,0713	-0,181	0,506
28,350	2,636	-6,315	28,431	0,0629	-0,151	0,679
28,400	2,356	-4,728	34,086	0,0562	-0,113	0,814
28,450	2,163	-2,906	37,542	0,0516	-0,069	0,896
28,500	2,066	-0,974	37,856	0,0493	-0,023	0,904
28,550	2,066	0,880	35,029	0,0493	0,021	0,836
28,600	2,154	2,529	31,259	0,0514	0,060	0,746
28,650	2,318	4,006	27,803	0,0553	0,096	0,664
28,700	2,554	5,309	23,405	0,0610	0,127	0,559
28,750	2,849	6,346	17,907	0,0680	0,152	0,427
28,800	3,189	7,100	12,095	0,0761	0,169	0,289
28,850	3,559	7,556	5,341	0,0850	0,180	0,127
28,900	3,944	7,634	-1,728	0,0942	0,182	-0,041
28,950	4,323	7,383	-8,325	0,1032	0,176	-0,199
29,000	4,683	6,802	-14,923	0,1118	0,162	-0,356
29,050	5,003	5,890	-20,735	0,1194	0,141	-0,495
29,100	5,272	4,728	-25,447	0,1258	0,113	-0,607
29,150	5,476	3,346	-29,374	0,1307	0,080	-0,701
29,200	5,606	1,791	-31,259	0,1338	0,043	-0,746
29,250	5,655	0,220	-30,473	0,1350	0,005	-0,728
29,300	5,628	-1,257	-28,589	0,1344	-0,030	-0,682
29,350	5,529	-2,639	-26,075	0,1320	-0,063	-0,622
29,400	5,364	-3,864	-22,934	0,1281	-0,092	-0,548
29,450	5,143	-4,932	-19,164	0,1228	-0,118	-0,458
29,500	4,871	-5,781	-13,980	0,1163	-0,138	-0,334
29,550	4,565	-6,330	-8,168	0,1090	-0,151	-0,195
29,600	4,238	-6,597	-2,356	0,1012	-0,157	-0,056
29,650	3,905	-6,566	3,613	0,0932	-0,157	0,086
29,700	3,581	-6,236	9,582	0,0855	-0,149	0,229
29,750	3,281	-5,608	15,237	0,0783	-0,134	0,364
29,800	3,021	-4,712	20,106	0,0721	-0,112	0,480
29,850	2,810	-3,597	24,190	0,0671	-0,086	0,577
29,900	2,661	-2,293	26,861	0,0635	-0,055	0,641
29,950	2,581	-0,911	27,332	0,0616	-0,022	0,653
30,000	2,570	0,440	25,761	0,0613	0,011	0,615
30,050	2,625	1,665	22,777	0,0627	0,040	0,544
30,100	2,736	2,717	19,949	0,0653	0,065	0,476
30,150	2,897	3,660	17,279	0,0691	0,087	0,413
30,200	3,102	4,445		0,0741	0,106	
