3-Dämpfung-0.2A	3-Dämpfung-0.2A	3-Dämpfung-0.2A	3-Dämpfung-0.2A	3-Dämpfung-0.2A	3-Dämpfung-0.2A	3-Dämpfung-0.2A	3-Dämpfung-0.5A	3-Dämpfung-0.5A	3-Dämpfung-0.5A	3-Dämpfung-0.5A	3-Dämpfung-0.5A	3-Dämpfung-0.5A	3-Dämpfung-0.5A	3-Dämpfung-0.3A	3-Dämpfung-0.3A	3-Dämpfung-0.3A	3-Dämpfung-0.3A	3-Dämpfung-0.3A	3-Dämpfung-0.3A	3-Dämpfung-0.3A
Zeit (s)	Winkel (rad)	Winkelgeschwindigkeit (rad/s)	Winkelbeschleunigung (rad/s²)	Position (m)	Geschwindigkeit (m/s)	Beschleunigung (m/s²)	Zeit (s)	Winkel (rad)	Winkelgeschwindigkeit (rad/s)	Winkelbeschleunigung (rad/s²)	Position (m)	Geschwindigkeit (m/s)	Beschleunigung (m/s²)	Zeit (s)	Winkel (rad)	Winkelgeschwindigkeit (rad/s)	Winkelbeschleunigung (rad/s²)	Position (m)	Geschwindigkeit (m/s)	Beschleunigung (m/s²)
0,050	-0,061			-0,0015			0,050	-0,049			-0,0012			0,050	0,017			4,1250E-4		
0,100	-2,647	-51,192		-0,0632	-1,222		0,100	-1,819	-33,521		-0,0434	-0,800		0,100	0,880	11,467		0,0210	0,274	
0,150	-5,180	-49,025	64,874	-0,1237	-1,170	1,549	0,150	-3,401	-29,123	99,589	-0,0812	-0,695	2,377	0,150	1,164	-0,094	-229,022	0,0278	-0,002	-5,467
0,200	-7,549	-44,705	104,615	-0,1802	-1,067	2,497	0,200	-4,731	-23,562	119,695	-0,1129	-0,563	2,858	0,200	0,870	-11,435	-220,226	0,0208	-0,273	-5,257
0,250	-9,651	-38,563	137,759	-0,2304	-0,921	3,289	0,250	-5,757	-17,153	133,361	-0,1374	-0,409	3,184	0,250	0,020	-22,117	-202,633	4,8750E-4	-0,528	-4,837
0,300	-11,406	-30,929	164,934	-0,2723	-0,738	3,938	0,300	-6,447	-10,226	140,743	-0,1539	-0,244	3,360	0,300	-1,341	-31,699	-175,615	-0,0320	-0,757	-4,192
0,350	-12,744	-22,070	185,668	-0,3042	-0,527	4,432	0,350	-6,780	-3,079	141,686	-0,1618	-0,074	3,382	0,350	-3,149	-39,678	-139,644	-0,0752	-0,947	-3,334
0,400	-13,613	-12,362	197,763	-0,3250	-0,295	4,721	0,400	-6,754	3,943	136,659	-0,1612	0,094	3,263	0,400	-5,309	-45,663	-97,861	-0,1267	-1,090	-2,336
0,450	-13,980	-2,293	201,219	-0,3338	-0,055	4,804	0,450	-6,385	10,587	126,292	-0,1524	0,253	3,015	0,450	-7,716	-49,464	-51,836	-0,1842	-1,181	-1,238
0,500	-13,842	7,760	197,292	-0,3304	0,185	4,710	0,500	-5,696	16,572	111,370	-0,1360	0,396	2,659	0,500	-10,256	-50,847	-4,712	-0,2448	-1,214	-0,112
0,550	-13,204	17,436	185,668	-0,3152	0,416	4,432	0,550	-4,728	21,724	93,620	-0,1129	0,519	2,235	0,550	-12,800	-49,936	39,427	-0,3056	-1,192	0,941
0,600	-12,098	26,327	166,347	-0,2888	0,628	3,971	0,600	-3,523	25,934	72,728	-0,0841	0,619	1,736	0,600	-15,249	-46,904	80,896	-0,3641	-1,120	1,931
0,650	-10,571	34,071	140,272	-0,2524	0,813	3,349	0,650	-2,135	28,997	47,752	-0,0510	0,692	1,140	0,650	-17,491	-41,846	117,339	-0,4176	-0,999	2,801
0,700	-8,691	40,354	109,485	-0,2075	0,963	2,614	0,700	-0,624	30,709	20,106	-0,0149	0,733	0,480	0,700	-19,434	-35,170	146,398	-0,4639	-0,840	3,495
0,750	-6,536	45,019	74,142	-0,1560	1,075	1,770	0,750	0,936	31,008	-7,697	0,0223	0,740	-0,184	0,750	-21,008	-27,206	169,960	-0,5015	-0,650	4,057
0,800	-4,189	47,768	33,772	-0,1000	1,140	0,806	0,800	2,477	29,939	-33,929	0,0591	0,715	-0,810	0,800	-22,155	-18,174	187,082	-0,5289	-0,434	4,466
0,850	-1,759	48,396	-8,482	-0,0420	1,155	-0,203	0,850	3,930	27,615	-58,434	0,0938	0,659	-1,395	0,850	-22,825	-8,498	195,093	-0,5449	-0,203	4,657
0,900	0,650	46,920	-51,208	0,0155	1,120	-1,222	0,900	5,239	24,096	-81,210	0,1251	0,575	-1,939	0,900	-23,004	1,335	194,465	-0,5492	0,032	4,643
0,950	2,933	43,275	-93,148	0,0700	1,033	-2,224	0,950	6,340	19,494	-99,903	0,1513	0,465	-2,385	0,950	-22,692	10,948	186,925	-0,5417	0,261	4,463
1,000	4,978	37,605	-130,847	0,1188	0,898	-3,124	1,000	7,188	14,106	-113,254	0,1716	0,337	-2,704	1,000	-21,909	20,028	172,474	-0,5230	0,478	4,117
1,050	6,693	30,191	-162,578	0,1598	0,721	-3,881	1,050	7,750	8,168	-120,951	0,1850	0,195	-2,887	1,050	-20,689	28,196	150,639	-0,4939	0,673	3,596
1,100	7,997	21,347	-186,454	0,1909	0,510	-4,451	1,100	8,005	2,011	-121,580	0,1911	0,048	-2,902	1,100	-19,090	35,092	123,308	-0,4557	0,838	2,944
1,150	8,828	11,545	-200,434	0,2107	0,276	-4,785	1,150	7,951	-3,990	-115,925	0,1898	-0,095	-2,767	1,150	-17,180	40,527	91,892	-0,4101	0,967	2,194
1,200	9,151	1,304	-204,361	0,2185	0,031	-4,879	1,200	7,606	-9,582	-106,029	0,1816	-0,229	-2,531	1,200	-15,037	44,281	55,449	-0,3590	1,057	1,324
1,250	8,958	-8,891	-199,020	0,2139	-0,212	-4,751	1,250	6,993	-14,593	-92,049	0,1669	-0,348	-2,198	1,250	-12,752	46,071	15,551	-0,3044	1,100	0,371
1,300	8,262	-18,598	-184,412	0,1972	-0,444	-4,402	1,300	6,147	-18,787	-74,142	0,1467	-0,449	-1,770	1,300	-10,430	45,836	-24,662	-0,2490	1,094	-0,589
1,350	7,098	-27,332	-160,536	0,1695	-0,652	-3,832	1,350	5,115	-22,007	-53,250	0,1221	-0,525	-1,271	1,350	-8,168	43,605	-65,031	-0,1950	1,041	-1,552
1,400	5,529	-34,652	-129,591	0,1320	-0,827	-3,094	1,400	3,946	-24,112	-30,002	0,0942	-0,576	-0,716	1,400	-6,070	39,333	-104,144	-0,1449	0,939	-2,486
1,450	3,633	-40,291	-93,934	0,0867	-0,962	-2,243	1,450	2,703	-25,007	-6,754	0,0645	-0,597	-0,161	1,450	-4,235	33,191	-138,230	-0,1011	0,792	-3,300
1,500	1,500	-44,045	-53,878	0,0358	-1,052	-1,286	1,500	1,445	-24,787	14,923	0,0345	-0,592	0,356	1,500	-2,750	25,510	-165,091	-0,0657	0,609	-3,941
1,550	-0,771	-45,679	-12,252	-0,0184	-1,090	-0,292	1,550	0,225	-23,515	35,186	0,0054	-0,561	0,840	1,550	-1,684	16,682	-182,998	-0,0402	0,398	-4,369
1,600	-3,068	-45,270	27,332	-0,0732	-1,081	0,652	1,600	-0,906	-21,269	53,250	-0,0216	-0,508	1,271	1,600	-1,082	7,210	-191,166	-0,0258	0,172	-4,564
1,650	-5,298	-42,946	65,659	-0,1265	-1,025	1,567	1,650	-1,902	-18,190	68,644	-0,0454	-0,434	1,639	1,650	-0,963	-2,435	-190,538	-0,0230	-0,058	-4,549
1,700	-7,362	-38,704	100,845	-0,1758	-0,924	2,407	1,700	-2,725	-14,404	81,053	-0,0651	-0,344	1,935	1,700	-1,326	-11,844	-181,270	-0,0316	-0,283	-4,328
1,750	-9,169	-32,861	129,434	-0,2189	-0,785	3,090	1,750	-3,343	-10,085	89,378	-0,0798	-0,241	2,134	1,750	-2,147	-20,562	-163,206	-0,0513	-0,491	-3,896
1,800	-10,648	-25,761	152,210	-0,2542	-0,615	3,634	1,800	-3,734	-5,466	93,148	-0,0891	-0,131	2,224	1,800	-3,382	-28,164	-137,759	-0,0807	-0,672	-3,289
1,850	-11,745	-17,640	169,332	-0,2804	-0,421	4,042	1,850	-3,889	-0,770	92,363	-0,0929	-0,018	2,205	1,850	-4,964	-34,338	-106,814	-0,1185	-0,820	-2,550
1,900	-12,412	-8,828	178,600	-0,2963	-0,211	4,264	1,900	-3,811	3,770	87,965	-0,0910	0,090	2,100	1,900	-6,816	-38,846	-71,000	-0,1627	-0,927	-1,695
1,950	-12,628	0,220	179,699	-0,3015	0,005	4,290	1,950	-3,512	8,027	80,739	-0,0839	0,192	1,928	1,950	-8,848	-41,438	-31,573	-0,2112	-0,989	-0,754
2,000	-12,390	9,142	174,201	-0,2958	0,218	4,159	2,000	-3,008	11,844	70,529	-0,0718	0,283	1,684	2,000	-10,959	-42,003	6,597	-0,2616	-1,003	0,158
2,050	-11,713	17,640	161,949	-0,2796	0,421	3,866	2,050	-2,328	15,080	57,805	-0,0556	0,360	1,380	2,050	-13,049	-40,778	41,626	-0,3115	-0,973	0,994
2,100	-10,626	25,337	142,628	-0,2537	0,605	3,405	2,100	-1,500	17,624	42,569	-0,0358	0,421	1,016	2,100	-15,037	-37,841	75,241	-0,3590	-0,903	1,796
2,150	-9,180	31,903	118,438	-0,2192	0,762	2,827	2,150	-0,565	19,337	25,133	-0,0135	0,462	0,600	2,150	-16,833	-33,254	104,772	-0,4018	-0,794	2,501
2,200	-7,436	37,181	90,007	-0,1775	0,888	2,149	2,200	0,434	20,138	6,754	0,0103	0,481	0,161	2,200	-18,363	-27,363	128,177	-0,4384	-0,653	3,060
2,250	-5,462	40,904	56,077	-0,1304	0,976	1,339	2,250	1,448	20,012	-11,310	0,0346	0,478	-0,270	2,250	-19,569	-20,436	146,241	-0,4672	-0,488	3,491
2,300	-3,346	42,789	19,164	-0,0799	1,021	0,458	2,300	2,435	19,007	-28,274	0,0581	0,454	-0,675	2,300	-20,406	-12,739	158,179	-0,4872	-0,304	3,776
2,350	-1,183	42,820	-18,064	-0,0282	1,022	-0,431	2,350	3,349	17,185	-43,511	0,0799	0,410	-1,039	2,350	-20,843	-4,618	163,049	-0,4976	-0,110	3,892
2,400	0,936	40,982	-55,606	0,0223	0,978	-1,328	2,400	4,153	14,656	-56,392	0,0991	0,350	-1,346	2,400	-20,868	3,566	160,693	-0,4982	0,085	3,836
2,450	2,915	37,259	-91,892	0,0696	0,889	-2,194	2,450	4,814	11,545	-66,916	0,1149	0,276	-1,598	2,450	-20,486	11,451	151,582	-0,4891	0,273	3,619
2,500	4,662	31,793	-124,407	0,1113	0,759	-2,970	2,500	5,308	7,964	-74,613	0,1267	0,190	-1,781	2,500	-19,723	18,724	137,131	-0,4708	0,447	3,274
2,550	6,095	24,819	-151,268	0,1455	0,592	-3,611	2,550	5,611	4,084	-78,069	0,1339	0,098	-1,864	2,550	-18,614	25,164	117,967	-0,4444	0,601	2,816
2,600	7,144	16,666	-170,274	0,1705	0,398	-4,065	2,600	5,716	0,157	-76,969	0,1365	0,004	-1,837	2,600	-17,207	30,521	94,248	-0,4108	0,729	2,250
2,650	7,761	7,791	-180,485	0,1853	0,186	-4,309	2,650	5,627	-3,613	-72,257	0,1343	-0,086	-1,725	2,650	-15,562	34,589	66,131	-0,3715	0,826	1,579
2,700	7,923	-1,382	-181,741	0,1891	-0,033	-4,339	2,700	5,355	-7,069	-64,717	0,1278	-0,169	-1,545	2,700	-13,748	37,134	34,400	-0,3282	0,887	0,821
2,750	7,623	-10,383	-173,730	0,1820	-0,248	-4,148	2,750	4,920	-10,085	-55,292	0,1174	-0,241	-1,320	2,750	-11,849	38,029	1,571	-0,2829	0,908	0,037
2,800	6,885	-18,755	-157,865	0,1644	-0,448	-3,769	2,800	4,346	-12,598	-44,139	0,1038	-0,301	-1,054	2,800	-9,945	37,291	-31,416	-0,2374	0,890	-0,750
2,850	5,748	-26,169	-135,246	0,1372	-0,625	-3,229	2,850	3,660	-14,498	-30,631	0,0874	-0,346	-0,731	2,850	-8,119	34,887	-64,403	-0,1938	0,833	-1,537
2,900	4,268	-32,280	-106,343	0,1019	-0,771	-2,539	2,900	2,897	-15,661	-15,708	0,0691	-0,374	-0,375	2,900	-6,456	30,850	-95,033	-0,1541	0,736	-2,269
2,950	2,520	-36,804	-72,728	0,0601	-0,879	-1,736	2,950	2,094	-16,069	-0,785	0,0500	-0,384	-0,019	2,950	-5,034	25,384	-120,794	-0,1202	0,606	-2,884
3,000	0,587	-39,553	-36,600	0,0140	-0,944	-0,874	3,000	1,290	-15,739	13,195	0,0308	-0,376	0,315	3,000	-3,918	18,771	-140,743	-0,0935	0,448	-3,360
3,050	-1,436	-40,464	-1,100	-0,0343	-0,966	-0,026	3,050	0,520	-14,750	26,075	0,0124	-0,352	0,622	3,050	-3,157	11,310	-153,624	-0,0754	0,270	-3,667
3,100	-3,459	-39,663	32,987	-0,0826	-0,947	0,787	3,100	-0,185	-13,132	38,170	-0,0044	-0,313	0,911	3,100	-2,787	3,409	-158,022	-0,0665	0,081	-3,772
3,150	-5,402	-37,165	66,602	-0,1290	-0,887	1,590	3,150	-0,793	-10,933	47,752	-0,0189	-0,261	1,140	3,150	-2,816	-4,492	-154,095	-0,0672	-0,107	-3,679
3,200	-7,175	-33,002	96,761	-0,1713	-0,788	2,310	3,200	-1,279	-8,357	54,350	-0,0305	-0,200	1,298	3,200	-3,236	-12,001	-143,257	-0,0772	-0,287	-3,420
3,250	-8,702	-27,489	121,266	-0,2078	-0,656	2,895	3,250	-1,629	-5,498	58,905	-0,0389	-0,131	1,406	3,250	-4,017	-18,818	-126,763	-0,0959	-0,449	-3,026
3,300	-9,924	-20,876	140,429	-0,2369	-0,498	3,352	3,300	-1,828	-2,466	60,476	-0,0437	-0,059	1,444	3,300	-5,118	-24,677	-105,086	-0,1222	-0,589	-2,509
3,350	-10,790	-13,446	153,310	-0,2576	-0,321	3,660	3,350	-1,876	0,550	58,591	-0,0448	0,013	1,399	3,350	-6,484	-29,327	-78,854	-0,1548	-0,700	-1,882
3,400	-11,269	-5,545	159,750	-0,2690	-0,132	3,814	3,400	-1,773	3,393	54,350	-0,0423	0,081	1,298	3,400	-8,050	-32,563	-48,695	-0,1922	-0,777	-1,162
3,450	-11,344	2,529	159,279	-0,2708	0,060	3,803	3,450	-1,536	5,985	48,852	-0,0367	0,143	1,166	3,450	-9,741	-34,196	-16,808	-0,2325	-0,816	-0,401
3,500	-11,016	10,383	151,896	-0,2630	0,248	3,626	3,500	-1,175	8,278	41,626	-0,0281	0,198	0,994	3,500	-11,470	-34,243	13,509	-0,2738	-0,817	0,323
3,550	-10,306	17,719	139,016	-0,2460	0,423	3,319	3,550	-0,708	10,147	32,516	-0,0169	0,242	0,776	3,550	-13,165	-32,845	41,783	-0,3143	-0,784	0,997
3,600	-9,244	24,285	120,794	-0,2207	0,580	2,884	3,600	-0,160	11,530	22,148	-0,0038	0,275	0,529	3,600	-14,755	-30,065	68,644	-0,3522	-0,718	1,639
3,650	-7,878	29,798	98,018	-0,1881	0,711	2,340	3,650	0,445	12,362	10,681	0,0106	0,295	0,255	3,650	-16,171	-25,981	92,206	-0,3861	-0,620	2,201
3,700	-6,264	34,086	70,686	-0,1496	0,814	1,688	3,700	1,076	12,598	-1,100	0,0257	0,301	-0,026	3,700	-17,353	-20,844	110,584	-0,4143	-0,498	2,640
3,750	-4,469	36,867	39,113	-0,1067	0,880	0,934	3,750	1,704	12,252	-12,252	0,0407	0,292	-0,293	3,750	-18,256	-14,923	124,093	-0,4358	-0,356	2,963
3,800	-2,578	37,998	6,597	-0,0615	0,907	0,157	3,800	2,301	11,373	-22,462	0,0549	0,271	-0,536	3,800	-18,845	-8,435	131,947	-0,4499	-0,201	3,150
3,850	-0,669	37,526	-26,232	-0,0160	0,896	-0,626	3,850	2,842	10,006	-31,416	0,0678	0,239	-0,750	3,850	-19,099	-1,728	133,832	-0,4560	-0,041	3,195
3,900	1,175	35,374	-59,376	0,0280	0,844	-1,417	3,900	3,302	8,231	-38,642	0,0788	0,196	-0,922	3,900	-19,018	4,948	130,376	-0,4540	0,118	3,112
3,950	2,868	31,589	-90,321	0,0685	0,754	-2,156	3,950	3,665	6,142	-44,296	0,0875	0,147	-1,057	3,950	-18,605	11,310	121,266	-0,4441	0,270	2,895
4,000	4,334	26,342	-117,496	0,1035	0,629	-2,805	4,000	3,916	3,801	-47,752	0,0935	0,091	-1,140	4,000	-17,887	17,075	107,757	-0,4270	0,408	2,573
4,050	5,503	19,839	-139,644	0,1314	0,474	-3,334	4,050	4,045	1,367	-47,909	0,0966	0,033	-1,144	4,050	-16,897	22,085	90,949	-0,4034	0,527	2,171
4,100	6,318	12,378	-154,566	0,1508	0,295	-3,690	4,100	4,053	-0,990	-45,239	0,0967	-0,024	-1,080	4,100	-15,678	26,169	70,058	-0,3743	0,625	1,672
4,150	6,740	4,383	-160,850	0,1609	0,105	-3,840	4,150	3,946	-3,157	-41,155	0,0942	-0,075	-0,983	4,150	-14,280	29,091	45,239	-0,3409	0,694	1,080
4,200	6,756	-3,707	-158,651	0,1613	-0,089	-3,788	4,200	3,737	-5,105	-36,285	0,0892	-0,122	-0,866	4,200	-12,769	30,693	18,692	-0,3048	0,733	0,446
4,250	6,370	-11,483	-149,226	0,1521	-0,274	-3,562	4,250	3,435	-6,786	-30,159	0,0820	-0,162	-0,720	4,250	-11,211	30,960	-8,482	-0,2676	0,739	-0,203
4,300	5,608	-18,630	-133,518	0,1339	-0,445	-3,187	4,300	3,058	-8,121	-22,777	0,0730	-0,194	-0,544	4,300	-9,673	29,845	-35,500	-0,2309	0,712	-0,848
4,350	4,507	-24,834	-111,684	0,1076	-0,593	-2,666	4,350	2,623	-9,064	-14,137	0,0626	-0,216	-0,337	4,350	-8,226	27,410	-60,790	-0,1964	0,654	-1,451
4,400	3,124	-29,798	-84,823	0,0746	-0,711	-2,025	4,400	2,152	-9,535	-5,027	0,0514	-0,228	-0,120	4,400	-6,932	23,766	-83,409	-0,1655	0,567	-1,991
4,450	1,527	-33,317	-54,193	0,0364	-0,795	-1,294	4,450	1,670	-9,566	3,456	0,0399	-0,228	0,082	4,450	-5,850	19,069	-102,730	-0,1396	0,455	-2,453
4,500	-0,207	-35,217	-22,305	-0,0050	-0,841	-0,532	4,500	1,195	-9,189	11,624	0,0285	-0,219	0,278	4,500	-5,025	13,493	-117,967	-0,1200	0,322	-2,816
4,550	-1,995	-35,547	8,168	-0,0476	-0,849	0,195	4,550	0,751	-8,404	19,321	0,0179	-0,201	0,461	4,550	-4,500	7,273	-126,763	-0,1074	0,174	-3,026
4,600	-3,762	-34,400	37,699	-0,0898	-0,821	0,900	4,600	0,355	-7,257	25,918	0,0085	-0,173	0,619	4,600	-4,298	0,817	-127,706	-0,1026	0,019	-3,049
4,650	-5,435	-31,777	66,445	-0,1298	-0,759	1,586	4,650	0,025	-5,812	30,945	6,0000E-4	-0,139	0,739	4,650	-4,419	-5,498	-122,522	-0,1055	-0,131	-2,925
4,700	-6,940	-27,756	92,049	-0,1657	-0,663	2,198	4,700	-0,226	-4,163	34,558	-0,0054	-0,099	0,825	4,700	-4,847	-11,435	-112,783	-0,1157	-0,273	-2,693
4,750	-8,211	-22,572	112,626	-0,1960	-0,539	2,689	4,750	-0,391	-2,356	36,285	-0,0093	-0,056	0,866	4,750	-5,562	-16,776	-97,861	-0,1328	-0,401	-2,336
4,800	-9,197	-16,493	128,177	-0,2196	-0,394	3,060	4,800	-0,462	-0,534	35,343	-0,0110	-0,013	0,844	4,800	-6,525	-21,221	-78,226	-0,1558	-0,507	-1,867
4,850	-9,860	-9,755	138,073	-0,2354	-0,233	3,296	4,850	-0,445	1,178	32,987	-0,0106	0,028	0,788	4,850	-7,684	-24,599	-55,763	-0,1834	-0,587	-1,331
4,900	-10,172	-2,686	141,529	-0,2429	-0,064	3,379	4,900	-0,344	2,765	29,845	-0,0082	0,066	0,713	4,900	-8,985	-26,798	-31,416	-0,2145	-0,640	-0,750
4,950	-10,129	4,398	139,016	-0,2418	0,105	3,319	4,950	-0,168	4,163	25,604	-0,0040	0,099	0,611	4,950	-10,364	-27,740	-6,754	-0,2474	-0,662	-0,161
5,000	-9,733	11,215	130,690	-0,2324	0,268	3,120	5,000	0,072	5,325	20,735	0,0017	0,127	0,495	5,000	-11,759	-27,473	16,650	-0,2807	-0,656	0,398
5,050	-9,007	17,467	117,339	-0,2150	0,417	2,801	5,050	0,364	6,236	15,237	0,0087	0,149	0,364	5,050	-13,111	-26,075	38,799	-0,3130	-0,622	0,926
5,100	-7,986	22,949	100,217	-0,1907	0,548	2,393	5,100	0,696	6,849	8,796	0,0166	0,164	0,210	5,100	-14,367	-23,593	60,004	-0,3430	-0,563	1,432
5,150	-6,712	27,489	79,168	-0,1602	0,656	1,890	5,150	1,049	7,116	2,042	0,0250	0,170	0,049	5,150	-15,471	-20,075	78,697	-0,3693	-0,479	1,879
5,200	-5,237	30,866	53,564	-0,1250	0,737	1,279	5,200	1,407	7,053	-4,241	0,0336	0,168	-0,101	5,200	-16,374	-15,724	92,991	-0,3909	-0,375	2,220
5,250	-3,625	32,845	24,976	-0,0866	0,784	0,596	5,250	1,755	6,692	-10,210	0,0419	0,160	-0,244	5,250	-17,043	-10,776	103,044	-0,4069	-0,257	2,460
5,300	-1,953	33,364	-3,770	-0,0466	0,796	-0,090	5,300	2,077	6,032	-15,865	0,0496	0,144	-0,379	5,300	-17,452	-5,419	108,071	-0,4166	-0,129	2,580
5,350	-0,289	32,468	-32,358	-0,0069	0,775	-0,772	5,350	2,358	5,105	-20,577	0,0563	0,122	-0,491	5,350	-17,585	0,031	107,914	-0,4198	7,500E-4	2,576
5,400	1,294	30,128	-60,633	0,0309	0,719	-1,448	5,400	2,587	3,974	-24,190	0,0618	0,095	-0,578	5,400	-17,448	5,372	103,830	-0,4165	0,128	2,479
5,450	2,724	26,405	-86,865	0,0650	0,630	-2,074	5,450	2,755	2,686	-26,546	0,0658	0,064	-0,634	5,450	-17,048	10,414	95,662	-0,4070	0,249	2,284
5,500	3,935	21,441	-109,485	0,0939	0,512	-2,614	5,500	2,856	1,319	-26,861	0,0682	0,031	-0,641	5,500	-16,407	14,938	84,038	-0,3917	0,357	2,006
5,550	4,868	15,457	-126,920	0,1162	0,369	-3,030	5,550	2,887	0,000	-25,447	0,0689	0,000	-0,607	5,550	-15,554	18,818	69,272	-0,3713	0,449	1,654
5,600	5,481	8,749	-137,759	0,1308	0,209	-3,289	5,600	2,856	-1,225	-23,091	0,0682	-0,029	-0,551	5,600	-14,525	21,866	51,208	-0,3468	0,522	1,223
5,650	5,743	1,681	-141,058	0,1371	0,040	-3,368	5,650	2,765	-2,309	-20,263	0,0660	-0,055	-0,484	5,650	-13,367	23,939	30,473	-0,3191	0,572	0,728
5,700	5,649	-5,356	-137,131	0,1348	-0,128	-3,274	5,700	2,625	-3,252	-17,122	0,0627	-0,078	-0,409	5,700	-12,131	24,913	8,482	-0,2896	0,595	0,203
5,750	5,207	-12,032	-126,920	0,1243	-0,287	-3,030	5,750	2,439	-4,021	-13,195	0,0582	-0,096	-0,315	5,750	-10,876	24,787	-13,352	-0,2596	0,592	-0,319
5,800	4,445	-18,048	-111,055	0,1061	-0,431	-2,651	5,800	2,223	-4,571	-9,111	0,0531	-0,109	-0,217	5,800	-9,653	23,578	-34,872	-0,2304	0,563	-0,833
5,850	3,402	-23,138	-90,478	0,0812	-0,552	-2,160	5,850	1,982	-4,932	-4,869	0,0473	-0,118	-0,116	5,850	-8,518	21,300	-54,664	-0,2034	0,508	-1,305
5,900	2,132	-27,096	-65,816	0,0509	-0,647	-1,571	5,900	1,729	-5,058	-4,441E-13	0,0413	-0,121	-1,041E-14	5,900	-7,523	18,111	-71,785	-0,1796	0,432	-1,714
5,950	0,693	-29,719	-38,327	0,0165	-0,710	-0,915	5,950	1,477	-4,932	4,555	0,0352	-0,118	0,109	5,950	-6,707	14,121	-85,766	-0,1601	0,337	-2,048
6,000	-0,840	-30,929	-10,996	-0,0201	-0,738	-0,262	6,000	1,236	-4,602	8,482	0,0295	-0,110	0,203	6,000	-6,110	9,535	-95,662	-0,1459	0,228	-2,284
6,050	-2,400	-30,819	14,765	-0,0573	-0,736	0,352	6,050	1,016	-4,084	12,566	0,0243	-0,097	0,300	6,050	-5,754	4,555	-101,159	-0,1374	0,109	-2,415
6,100	-3,922	-29,452	39,741	-0,0936	-0,703	0,949	6,100	0,828	-3,346	16,179	0,0198	-0,080	0,386	6,100	-5,655	-0,581	-101,002	-0,1350	-0,014	-2,411
6,150	-5,345	-26,845	64,089	-0,1276	-0,641	1,530	6,150	0,682	-2,466	18,378	0,0163	-0,059	0,439	6,150	-5,812	-5,545	-95,504	-0,1388	-0,132	-2,280
6,200	-6,607	-23,044	85,608	-0,1577	-0,550	2,044	6,200	0,581	-1,508	19,478	0,0139	-0,036	0,465	6,200	-6,209	-10,132	-86,237	-0,1482	-0,242	-2,059
6,250	-7,650	-18,284	102,416	-0,1826	-0,436	2,445	6,250	0,531	-0,518	19,007	0,0127	-0,012	0,454	6,250	-6,825	-14,169	-73,670	-0,1629	-0,338	-1,759
6,300	-8,435	-12,802	114,825	-0,2014	-0,306	2,741	6,300	0,529	0,393	16,650	0,0126	0,009	0,397	6,300	-7,626	-17,499	-58,277	-0,1821	-0,418	-1,391
6,350	-8,930	-6,802	122,051	-0,2132	-0,162	2,914	6,350	0,570	1,147	13,980	0,0136	0,027	0,334	6,350	-8,575	-19,996	-40,684	-0,2047	-0,477	-0,971
6,400	-9,115	-0,597	123,151	-0,2176	-0,014	2,940	6,400	0,644	1,791	12,252	0,0154	0,043	0,293	6,400	-9,626	-21,567	-21,520	-0,2298	-0,515	-0,514
6,450	-8,990	5,513	119,224	-0,2146	0,132	2,846	6,450	0,749	2,372	10,210	0,0179	0,057	0,244	6,450	-10,732	-22,148	-2,042	-0,2562	-0,529	-0,049
6,500	-8,564	11,325	111,055	-0,2044	0,270	2,651	6,500	0,881	2,812	7,226	0,0210	0,067	0,172	6,500	-11,841	-21,771	16,808	-0,2827	-0,520	0,401
6,550	-7,857	16,619	98,646	-0,1876	0,397	2,355	6,550	1,030	3,094	4,241	0,0246	0,074	0,101	6,550	-12,909	-20,467	34,715	-0,3082	-0,489	0,829
6,600	-6,902	21,190	82,467	-0,1648	0,506	1,969	6,600	1,191	3,236	1,257	0,0284	0,077	0,030	6,600	-13,887	-18,300	51,051	-0,3315	-0,437	1,219
6,650	-5,738	24,866	62,518	-0,1370	0,594	1,493	6,650	1,354	3,220	-1,571	0,0323	0,077	-0,037	6,650	-14,739	-15,362	65,502	-0,3519	-0,367	1,564
6,700	-4,416	27,442	39,113	-0,1054	0,655	0,934	6,700	1,513	3,079	-4,398	0,0361	0,074	-0,105	6,700	-15,424	-11,750	76,655	-0,3682	-0,281	1,830
6,750	-2,994	28,777	14,451	-0,0715	0,687	0,345	6,750	1,662	2,780	-7,226	0,0397	0,066	-0,173	6,750	-15,914	-7,697	83,724	-0,3799	-0,184	1,999
6,800	-1,538	28,887	-10,210	-0,0367	0,690	-0,244	6,800	1,791	2,356	-9,425	0,0427	0,056	-0,225	6,800	-16,193	-3,377	86,865	-0,3866	-0,081	2,074
6,850	-0,105	27,756	-35,029	-0,0025	0,663	-0,836	6,850	1,898	1,838	-10,996	0,0453	0,044	-0,262	6,850	-16,251	0,990	85,766	-0,3880	0,024	2,048
6,900	1,238	25,384	-59,062	0,0295	0,606	-1,410	6,900	1,974	1,257	-11,938	0,0471	0,030	-0,285	6,900	-16,094	5,199	81,367	-0,3842	0,124	1,943
6,950	2,433	21,850	-81,053	0,0581	0,522	-1,935	6,950	2,023	0,644	-11,938	0,0483	0,015	-0,285	6,950	-15,732	9,126	74,142	-0,3756	0,218	1,770
7,000	3,423	17,279	-99,589	0,0817	0,412	-2,378	7,000	2,039	0,063	-10,524	0,0487	0,001	-0,251	7,000	-15,182	12,614	64,089	-0,3624	0,301	1,530
7,050	4,161	11,891	-113,412	0,0993	0,284	-2,707	7,050	2,029	-0,408	-8,639	0,0484	-0,010	-0,206	7,050	-14,470	15,535	51,679	-0,3454	0,371	1,234
7,100	4,612	5,938	-120,794	0,1101	0,142	-2,884	7,100	1,998	-0,801	-7,069	0,0477	-0,019	-0,169	7,100	-13,628	17,781	36,914	-0,3253	0,425	0,881
7,150	4,755	-0,188	-121,266	0,1135	-0,005	-2,895	7,150	1,949	-1,115	-5,655	0,0465	-0,027	-0,135	7,150	-12,692	19,227	19,949	-0,3030	0,459	0,476
7,200	4,593	-6,189	-116,396	0,1096	-0,148	-2,779	7,200	1,887	-1,367	-4,398	0,0450	-0,033	-0,105	7,200	-11,706	19,776	2,199	-0,2794	0,472	0,052
7,250	4,136	-11,828	-106,343	0,0987	-0,282	-2,539	7,250	1,813	-1,555	-2,985	0,0433	-0,037	-0,071	7,250	-10,714	19,446	-15,080	-0,2558	0,464	-0,360
7,300	3,410	-16,823	-91,420	0,0814	-0,402	-2,183	7,300	1,731	-1,665	-1,414	0,0413	-0,040	-0,034	7,300	-9,761	18,268	-31,573	-0,2330	0,436	-0,754
7,350	2,454	-20,970	-72,728	0,0586	-0,501	-1,736	7,350	1,646	-1,696	0,157	0,0393	-0,041	0,004	7,350	-8,888	16,289	-46,653	-0,2122	0,389	-1,114
7,400	1,313	-24,096	-50,894	0,0313	-0,575	-1,215	7,400	1,561	-1,649	1,571	0,0373	-0,039	0,038	7,400	-8,132	13,603	-59,690	-0,1941	0,325	-1,425
7,450	0,044	-26,060	-27,175	0,0010	-0,622	-0,649	7,450	1,481	-1,539	2,985	0,0354	-0,037	0,071	7,450	-7,527	10,320	-70,058	-0,1797	0,246	-1,673
7,500	-1,293	-26,814	-3,770	-0,0309	-0,640	-0,090	7,500	1,407	-1,351	4,869	0,0336	-0,032	0,116	7,500	-7,100	6,597	-76,969	-0,1695	0,157	-1,837
7,550	-2,637	-26,437	18,378	-0,0630	-0,631	0,439	7,550	1,346	-1,052	6,440	0,0321	-0,025	0,154	7,550	-6,868	2,623	-79,639	-0,1640	0,063	-1,901
7,600	-3,936	-24,976	39,741	-0,0940	-0,596	0,949	7,600	1,302	-0,707	7,226	0,0311	-0,017	0,172	7,600	-6,838	-1,367	-78,226	-0,1632	-0,033	-1,868
7,650	-5,135	-22,462	60,004	-0,1226	-0,536	1,433	7,650	1,275	-0,330	6,754	0,0304	-0,008	0,161	7,650	-7,004	-5,199	-73,513	-0,1672	-0,124	-1,755
7,700	-6,183	-18,975	77,754	-0,1476	-0,453	1,856	7,700	1,269	-0,031	4,241	0,0303	-7,500E-4	0,101	7,700	-7,358	-8,718	-65,973	-0,1757	-0,208	-1,575
7,750	-7,032	-14,687	91,577	-0,1679	-0,351	2,186	7,750	1,272	0,094	1,885	0,0304	0,002	0,045	7,750	-7,876	-11,797	-55,763	-0,1880	-0,282	-1,331
7,800	-7,651	-9,817	101,159	-0,1827	-0,234	2,415	7,800	1,279	0,157	1,100	0,0305	0,004	0,026	7,800	-8,537	-14,294	-43,197	-0,2038	-0,341	-1,031
7,850	-8,014	-4,571	106,186	-0,1913	-0,109	2,535	7,850	1,288	0,204	0,785	0,0307	0,005	0,019	7,850	-9,305	-16,116	-29,060	-0,2222	-0,385	-0,694
7,900	-8,108	0,801	106,029	-0,1936	0,019	2,531	7,900	1,299	0,236	0,785	0,0310	0,006	0,019	7,900	-10,149	-17,200	-13,666	-0,2423	-0,411	-0,326
7,950	-7,934	6,032	101,316	-0,1894	0,144	2,419	7,950	1,312	0,283	0,785	0,0313	0,007	0,019	7,950	-11,025	-17,483	1,885	-0,2632	-0,417	0,045
8,000	-7,505	10,933	93,148	-0,1792	0,261	2,224	8,000	1,327	0,314	0,157	0,0317	0,007	0,004	8,000	-11,897	-17,012	16,965	-0,2840	-0,406	0,405
8,050	-6,841	15,347	81,681	-0,1633	0,366	1,950	8,050	1,343	0,298	-0,157	0,0321	0,007	-0,004	8,050	-12,727	-15,787	31,416	-0,3038	-0,377	0,750
8,100	-5,971	19,101	66,759	-0,1425	0,456	1,594	8,100	1,357	0,298	-0,157	0,0324	0,007	-0,004	8,100	-13,476	-13,870	43,982	-0,3217	-0,331	1,050
8,150	-4,931	22,023	48,695	-0,1177	0,526	1,163	8,150	1,373	0,283	-0,628	0,0328	0,007	-0,015	8,150	-14,114	-11,388	54,193	-0,3369	-0,272	1,294
8,200	-3,768	23,970	28,431	-0,0900	0,572	0,679	8,200	1,385	0,236	-0,942	0,0331	0,006	-0,023	8,200	-14,615	-8,451	62,204	-0,3489	-0,202	1,485
8,250	-2,534	24,866	6,912	-0,0605	0,594	0,165	8,250	1,396	0,188		0,0333	0,005		8,250	-14,959	-5,168	67,387	-0,3571	-0,123	1,609
8,300	-1,282	24,662	-14,608	-0,0306	0,589	-0,349								8,300	-15,131	-1,712	68,958	-0,3612	-0,041	1,646
8,350	-0,068	23,405	-35,343	-0,0016	0,559	-0,844								8,350	-15,130	1,728	67,230	-0,3612	0,041	1,605
8,400	1,059	21,127	-55,292	0,0253	0,504	-1,320								8,400	-14,959	5,011	62,832	-0,3571	0,120	1,500
8,450	2,045	17,876	-73,199	0,0488	0,427	-1,747								8,450	-14,629	8,011	56,077	-0,3492	0,191	1,339
8,500	2,846	13,807	-87,808	0,0679	0,330	-2,096								8,500	-14,158	10,619	47,438	-0,3380	0,254	1,132
8,550	3,426	9,095	-98,175	0,0818	0,217	-2,344								8,550	-13,567	12,755	37,071	-0,3239	0,305	0,885
8,600	3,756	3,990	-103,358	0,0897	0,095	-2,468								8,600	-12,882	14,326	24,819	-0,3075	0,342	0,592
8,650	3,825	-1,241	-102,887	0,0913	-0,030	-2,456								8,650	-12,134	15,237	10,996	-0,2897	0,364	0,262
8,700	3,632	-6,299	-97,232	0,0867	-0,150	-2,321								8,700	-11,358	15,425	-3,142	-0,2712	0,368	-0,075
8,750	3,195	-10,964	-87,651	0,0763	-0,262	-2,092								8,750	-10,592	14,923	-16,493	-0,2529	0,356	-0,394
8,800	2,535	-15,064	-74,456	0,0605	-0,360	-1,777								8,800	-9,866	13,776	-29,060	-0,2355	0,329	-0,694
8,850	1,689	-18,410	-58,120	0,0403	-0,440	-1,387								8,850	-9,214	12,017	-40,527	-0,2200	0,287	-0,968
8,900	0,694	-20,876	-39,584	0,0166	-0,498	-0,945								8,900	-8,665	9,723	-49,951	-0,2069	0,232	-1,193
8,950	-0,399	-22,368	-19,949	-0,0095	-0,534	-0,476								8,950	-8,242	7,021	-56,863	-0,1968	0,168	-1,357
9,000	-1,543	-22,871	-0,471	-0,0368	-0,546	-0,011								9,000	-7,962	4,037	-60,790	-0,1901	0,096	-1,451
9,050	-2,686	-22,415	18,535	-0,0641	-0,535	0,442								9,050	-7,838	0,942	-61,104	-0,1871	0,023	-1,459
9,100	-3,784	-21,017	36,757	-0,0903	-0,502	0,878								9,100	-7,868	-2,073	-58,434	-0,1878	-0,050	-1,395
9,150	-4,788	-18,740	53,721	-0,1143	-0,447	1,283								9,150	-8,046	-4,901	-53,878	-0,1921	-0,117	-1,286
9,200	-5,658	-15,645	68,801	-0,1351	-0,374	1,642								9,200	-8,358	-7,461	-47,752	-0,1995	-0,178	-1,140
9,250	-6,352	-11,860	80,425	-0,1517	-0,283	1,920								9,250	-8,792	-9,676	-39,584	-0,2099	-0,231	-0,945
9,300	-6,844	-7,603	87,808	-0,1634	-0,182	2,096								9,300	-9,326	-11,420	-29,374	-0,2226	-0,273	-0,701
9,350	-7,113	-3,079	90,792	-0,1698	-0,074	2,168								9,350	-9,934	-12,614	-18,221	-0,2372	-0,301	-0,435
9,400	-7,152	1,477	89,535	-0,1707	0,035	2,138								9,400	-10,587	-13,242	-6,597	-0,2528	-0,316	-0,158
9,450	-6,965	5,875	84,980	-0,1663	0,140	2,029								9,450	-11,258	-13,273	5,498	-0,2688	-0,317	0,131
9,500	-6,564	9,975	77,912	-0,1567	0,238	1,860								9,500	-11,914	-12,692	17,122	-0,2844	-0,303	0,409
9,550	-5,967	13,666	67,544	-0,1425	0,326	1,612								9,550	-12,527	-11,561	27,489	-0,2991	-0,276	0,656
9,600	-5,198	16,729	53,878	-0,1241	0,399	1,286								9,600	-13,071	-9,943	36,914	-0,3120	-0,237	0,881
9,650	-4,295	19,054	38,170	-0,1025	0,455	0,911								9,650	-13,521	-7,870	44,611	-0,3228	-0,188	1,065
9,700	-3,292	20,546	20,577	-0,0786	0,491	0,491								9,700	-13,858	-5,482	49,794	-0,3308	-0,131	1,189
9,750	-2,240	21,112	2,199	-0,0535	0,504	0,052								9,750	-14,070	-2,890	52,308	-0,3359	-0,069	1,249
9,800	-1,181	20,766	-15,865	-0,0282	0,496	-0,379								9,800	-14,147	-0,251	51,993	-0,3377	-0,006	1,241
9,850	-0,163	19,525	-33,144	-0,0039	0,466	-0,791								9,850	-14,095	2,309	49,480	-0,3365	0,055	1,181
9,900	0,771	17,452	-49,323	0,0184	0,417	-1,177								9,900	-13,916	4,697	44,925	-0,3322	0,112	1,073
9,950	1,582	14,593	-63,617	0,0378	0,348	-1,519								9,950	-13,625	6,802	39,270	-0,3253	0,162	0,938
10,000	2,231	11,090	-75,241	0,0532	0,265	-1,796								10,000	-13,236	8,624	32,358	-0,3160	0,206	0,772
10,050	2,691	7,069	-83,409	0,0642	0,169	-1,991								10,050	-12,763	10,037	23,405	-0,3047	0,240	0,559
10,100	2,937	2,749	-86,708	0,0701	0,066	-2,070								10,100	-12,232	10,964	13,509	-0,2920	0,262	0,323
10,150	2,966	-1,602	-85,608	0,0708	-0,038	-2,044								10,150	-11,666	11,388	3,299	-0,2785	0,272	0,079
10,200	2,777	-5,812	-80,582	0,0663	-0,139	-1,924								10,200	-11,093	11,294	-6,912	-0,2648	0,270	-0,165
10,250	2,384	-9,660	-72,100	0,0569	-0,231	-1,721								10,250	-10,537	10,697	-16,808	-0,2516	0,255	-0,401
10,300	1,811	-13,022	-60,947	0,0432	-0,311	-1,455								10,300	-10,023	9,613	-25,761	-0,2393	0,229	-0,615
10,350	1,082	-15,755	-47,124	0,0258	-0,376	-1,125								10,350	-9,576	8,121	-33,301	-0,2286	0,194	-0,795
10,400	0,236	-17,734	-31,573	0,0056	-0,423	-0,754								10,400	-9,211	6,283	-39,584	-0,2199	0,150	-0,945
10,450	-0,691	-18,912	-15,551	-0,0165	-0,452	-0,371								10,450	-8,947	4,163	-43,825	-0,2136	0,099	-1,046
10,500	-1,656	-19,289	0,628	-0,0395	-0,461	0,015								10,500	-8,795	1,901	-45,396	-0,2100	0,045	-1,084
10,550	-2,620	-18,850	17,122	-0,0626	-0,450	0,409								10,550	-8,757	-0,377	-44,454	-0,2091	-0,009	-1,061
10,600	-3,541	-17,577	32,673	-0,0845	-0,420	0,780								10,600	-8,833	-2,545	-40,998	-0,2109	-0,061	-0,979
10,650	-4,378	-15,582	46,496	-0,1045	-0,372	1,110								10,650	-9,012	-4,477	-36,600	-0,2151	-0,107	-0,874
10,700	-5,099	-12,928	58,748	-0,1217	-0,309	1,403								10,700	-9,280	-6,205	-31,887	-0,2216	-0,148	-0,761
10,750	-5,671	-9,708	68,330	-0,1354	-0,232	1,631								10,750	-9,632	-7,665	-25,290	-0,2300	-0,183	-0,604
10,800	-6,070	-6,095	74,456	-0,1449	-0,145	1,777								10,800	-10,047	-8,734	-17,279	-0,2399	-0,208	-0,413
10,850	-6,280	-2,262	76,812	-0,1499	-0,054	1,834								10,850	-10,505	-9,393	-8,796	-0,2508	-0,224	-0,210
10,900	-6,296	1,587	75,398	-0,1503	0,038	1,800								10,900	-10,986	-9,613	-0,157	-0,2623	-0,230	-0,004
10,950	-6,121	5,278	71,314	-0,1461	0,126	1,703								10,950	-11,467	-9,409	8,325	-0,2738	-0,225	0,199
11,000	-5,768	8,718	64,717	-0,1377	0,208	1,545								11,000	-11,927	-8,781	16,493	-0,2847	-0,210	0,394
11,050	-5,250	11,750	55,292	-0,1253	0,280	1,320								11,050	-12,345	-7,760	23,719	-0,2947	-0,185	0,566
11,100	-4,593	14,247	43,982	-0,1097	0,340	1,050								11,100	-12,703	-6,409	29,845	-0,3033	-0,153	0,712
11,150	-3,825	16,148	30,473	-0,0913	0,386	0,728								11,150	-12,986	-4,775	34,872	-0,3100	-0,114	0,833
11,200	-2,978	17,294	15,080	-0,0711	0,413	0,360								11,200	-13,181	-2,922	38,013	-0,3147	-0,070	0,908
11,250	-2,095	17,656	-3,126E-12	-0,0500	0,422	-7,272E-14								11,250	-13,278	-0,974	38,013	-0,3170	-0,023	0,907
11,300	-1,213	17,294	-14,765	-0,0290	0,413	-0,352								11,300	-13,278	0,880	35,657	-0,3170	0,021	0,851
11,350	-0,366	16,179	-29,374	-0,0087	0,386	-0,701								11,350	-13,190	2,592	32,987	-0,3149	0,062	0,787
11,400	0,405	14,357	-42,569	0,0097	0,343	-1,016								11,400	-13,019	4,178	29,531	-0,3108	0,100	0,705
11,450	1,070	11,922	-53,878	0,0255	0,285	-1,286								11,450	-12,772	5,545	24,347	-0,3049	0,132	0,581
11,500	1,598	8,969	-63,303	0,0381	0,214	-1,511								11,500	-12,464	6,613	18,378	-0,2976	0,158	0,439
11,550	1,967	5,592	-69,743	0,0469	0,133	-1,665								11,550	-12,111	7,383	12,252	-0,2891	0,176	0,292
11,600	2,157	1,995	-71,943	0,0515	0,048	-1,717								11,600	-11,726	7,838	5,341	-0,2799	0,187	0,128
11,650	2,166	-1,602	-70,529	0,0517	-0,038	-1,684								11,650	-11,327	7,917	-2,199	-0,2704	0,189	-0,053
11,700	1,996	-5,058	-66,131	0,0477	-0,121	-1,579								11,700	-10,934	7,618	-9,268	-0,2610	0,182	-0,221
11,750	1,660	-8,215	-59,219	0,0396	-0,196	-1,414								11,750	-10,565	6,990	-15,708	-0,2522	0,167	-0,375
11,800	1,175	-10,980	-49,951	0,0280	-0,262	-1,192								11,800	-10,235	6,048	-21,363	-0,2444	0,144	-0,510
11,850	0,562	-13,210	-38,642	0,0134	-0,315	-0,923								11,850	-9,960	4,854	-25,918	-0,2378	0,116	-0,619
11,900	-0,146	-14,844	-26,075	-0,0035	-0,354	-0,623								11,900	-9,750	3,456	-29,531	-0,2328	0,083	-0,705
11,950	-0,922	-15,818	-12,409	-0,0220	-0,378	-0,296								11,950	-9,615	1,901	-31,102	-0,2295	0,045	-0,743
12,000	-1,728	-16,085	1,571	-0,0413	-0,384	0,038								12,000	-9,560	0,346	-30,316	-0,2282	0,008	-0,724
12,050	-2,531	-15,661	15,080	-0,0604	-0,374	0,360								12,050	-9,580	-1,131	-28,431	-0,2287	-0,027	-0,679
12,100	-3,294	-14,577	28,274	-0,0786	-0,348	0,675								12,100	-9,673	-2,498	-25,918	-0,2309	-0,060	-0,619
12,150	-3,988	-12,833	40,527	-0,0952	-0,306	0,968								12,150	-9,830	-3,723	-22,777	-0,2347	-0,089	-0,544
12,200	-4,577	-10,524	50,266	-0,1093	-0,251	1,200								12,200	-10,045	-4,775	-18,535	-0,2398	-0,114	-0,443
12,250	-5,041	-7,807	57,648	-0,1203	-0,186	1,376								12,250	-10,308	-5,576	-13,352	-0,2461	-0,133	-0,319
12,300	-5,358	-4,760	62,518	-0,1279	-0,114	1,492								12,300	-10,603	-6,110	-7,697	-0,2531	-0,146	-0,184
12,350	-5,517	-1,555	64,089	-0,1317	-0,037	1,530								12,350	-10,919	-6,346	-1,885	-0,2607	-0,152	-0,045
12,400	-5,513	1,649	62,518	-0,1316	0,039	1,492								12,400	-11,237	-6,299	3,456	-0,2683	-0,150	0,082
12,450	-5,352	4,697	58,277	-0,1278	0,112	1,391								12,450	-11,549	-6,000	8,954	-0,2757	-0,143	0,214
12,500	-5,044	7,477	52,150	-0,1204	0,179	1,245								12,500	-11,838	-5,404	14,608	-0,2826	-0,129	0,349
12,550	-4,604	9,912	44,454	-0,1099	0,237	1,061								12,550	-12,089	-4,540	19,164	-0,2886	-0,108	0,458
12,600	-4,053	11,922	35,029	-0,0968	0,285	0,836								12,600	-12,291	-3,487	22,462	-0,2934	-0,083	0,536
12,650	-3,412	13,415	23,405	-0,0815	0,320	0,559								12,650	-12,438	-2,293	24,819	-0,2969	-0,055	0,593
12,700	-2,711	14,263	10,839	-0,0647	0,340	0,259								12,700	-12,521	-1,005	25,604	-0,2989	-0,024	0,611
12,750	-1,985	14,498	-1,414	-0,0474	0,346	-0,034								12,750	-12,538	0,267	24,033	-0,2993	0,006	0,574
12,800	-1,261	14,121	-13,980	-0,0301	0,337	-0,334								12,800	-12,494	1,398	21,206	-0,2983	0,033	0,506
12,850	-0,573	13,100	-25,918	-0,0137	0,313	-0,619								12,850	-12,398	2,388	18,535	-0,2960	0,057	0,443
12,900	0,049	11,530	-36,285	0,0012	0,275	-0,866								12,900	-12,255	3,252	15,708	-0,2926	0,078	0,375
12,950	0,580	9,472	-45,239	0,0138	0,226	-1,080								12,950	-12,073	3,958	12,252	-0,2882	0,094	0,293
13,000	0,996	7,006	-52,308	0,0238	0,167	-1,249								13,000	-11,860	4,477	8,168	-0,2831	0,107	0,195
13,050	1,280	4,241	-56,706	0,0306	0,101	-1,354								13,050	-11,625	4,775	4,084	-0,2775	0,114	0,097
13,100	1,420	1,335	-57,805	0,0339	0,032	-1,380								13,100	-11,382	4,885	-0,157	-0,2717	0,117	-0,004
13,150	1,414	-1,539	-56,235	0,0337	-0,037	-1,342								13,150	-11,137	4,760	-4,869	-0,2659	0,114	-0,116
13,200	1,266	-4,288	-52,465	0,0302	-0,102	-1,253								13,200	-10,906	4,398	-8,954	-0,2604	0,105	-0,214
13,250	0,985	-6,786	-46,653	0,0235	-0,162	-1,114								13,250	-10,697	3,864	-12,566	-0,2554	0,092	-0,300
13,300	0,587	-8,954	-39,427	0,0140	-0,214	-0,941								13,300	-10,520	3,142	-15,865	-0,2511	0,075	-0,379
13,350	0,090	-10,729	-30,788	0,0021	-0,256	-0,735								13,350	-10,383	2,278	-18,064	-0,2479	0,054	-0,431
13,400	-0,485	-12,032	-20,420	-0,0116	-0,287	-0,488								13,400	-10,292	1,335	-19,164	-0,2457	0,032	-0,458
13,450	-1,114	-12,771	-9,111	-0,0266	-0,305	-0,218								13,450	-10,249	0,361	-18,692	-0,2447	0,009	-0,446
13,500	-1,762	-12,943	2,199	-0,0421	-0,309	0,053								13,500	-10,256	-0,534	-16,808	-0,2448	-0,013	-0,401
13,550	-2,408	-12,551	13,509	-0,0575	-0,300	0,323								13,550	-10,303	-1,319	-14,923	-0,2460	-0,031	-0,356
13,600	-3,018	-11,592	24,033	-0,0720	-0,277	0,574								13,600	-10,388	-2,026	-13,195	-0,2480	-0,048	-0,315
13,650	-3,567	-10,147	33,772	-0,0852	-0,242	0,806								13,650	-10,505	-2,639	-10,839	-0,2508	-0,063	-0,259
13,700	-4,032	-8,215	42,097	-0,0963	-0,196	1,005								13,700	-10,652	-3,110	-7,854	-0,2543	-0,074	-0,188
13,750	-4,389	-5,938	47,909	-0,1048	-0,142	1,144								13,750	-10,817	-3,424	-4,869	-0,2582	-0,082	-0,116
13,800	-4,626	-3,424	51,208	-0,1104	-0,082	1,222								13,800	-10,994	-3,597	-1,728	-0,2625	-0,086	-0,041
13,850	-4,731	-0,817	51,208	-0,1130	-0,020	1,222								13,850	-11,176	-3,597	1,885	-0,2668	-0,086	0,045
13,900	-4,708	1,696	48,695	-0,1124	0,041	1,163								13,900	-11,354	-3,409	5,498	-0,2711	-0,081	0,131
13,950	-4,562	4,053	44,925	-0,1089	0,097	1,073								13,950	-11,517	-3,047	8,482	-0,2750	-0,073	0,203
14,000	-4,302	6,189	39,741	-0,1027	0,148	0,949								14,000	-11,658	-2,560	10,839	-0,2783	-0,061	0,259
14,050	-3,943	8,027	33,301	-0,0941	0,192	0,795								14,050	-11,773	-1,963	12,881	-0,2811	-0,047	0,307
14,100	-3,500	9,519	25,604	-0,0836	0,227	0,611								14,100	-11,855	-1,272	14,294	-0,2830	-0,030	0,341
14,150	-2,991	10,587	16,336	-0,0714	0,253	0,390								14,150	-11,900	-0,534	14,451	-0,2841	-0,013	0,345
14,200	-2,441	11,153	6,283	-0,0583	0,266	0,150								14,200	-11,908	0,173	12,566	-0,2843	0,004	0,300
14,250	-1,876	11,215	-3,299	-0,0448	0,268	-0,079								14,250	-11,883	0,723	10,053	-0,2837	0,017	0,240
14,300	-1,319	10,823	-12,566	-0,0315	0,258	-0,300								14,300	-11,836	1,178	8,639	-0,2826	0,028	0,206
14,350	-0,793	9,959	-21,677	-0,0189	0,238	-0,517								14,350	-11,765	1,587	7,226	-0,2809	0,038	0,173
14,400	-0,324	8,655	-29,688	-0,0077	0,207	-0,709								14,400	-11,677	1,901	5,341	-0,2788	0,045	0,128
14,450	0,072	6,990	-36,443	0,0017	0,167	-0,870								14,450	-11,575	2,121	3,456	-0,2763	0,051	0,083
14,500	0,375	5,011	-41,469	0,0090	0,120	-0,990								14,500	-11,465	2,246	1,571	-0,2737	0,054	0,037
14,550	0,573	2,843	-44,139	0,0137	0,068	-1,054								14,550	-11,351	2,278	-0,471	-0,2710	0,054	-0,011
14,600	0,660	0,597	-44,454	0,0157	0,014	-1,061								14,600	-11,237	2,199	-2,670	-0,2683	0,052	-0,064
14,650	0,633	-1,602	-42,254	0,0151	-0,038	-1,009								14,650	-11,131	2,011	-4,712	-0,2657	0,048	-0,113
14,700	0,500	-3,629	-38,485	0,0119	-0,087	-0,919								14,700	-11,036	1,728	-6,283	-0,2635	0,041	-0,150
14,750	0,270	-5,451	-34,086	0,0064	-0,130	-0,814								14,750	-10,958	1,382	-7,540	-0,2616	0,033	-0,180
14,800	-0,046	-7,037	-28,746	-0,0011	-0,168	-0,686								14,800	-10,898	0,974	-8,482	-0,2602	0,023	-0,203
14,850	-0,434	-8,325	-21,834	-0,0104	-0,199	-0,521								14,850	-10,860	0,534	-8,639	-0,2593	0,013	-0,206
14,900	-0,878	-9,221	-13,823	-0,0210	-0,220	-0,330								14,900	-10,845	0,110	-7,697	-0,2589	0,003	-0,184
14,950	-1,356	-9,708	-5,341	-0,0324	-0,232	-0,128								14,950	-10,849	-0,236	-6,126	-0,2590	-0,006	-0,146
15,000	-1,849	-9,755	3,613	-0,0441	-0,233	0,086								15,000	-10,868	-0,503	-4,869	-0,2595	-0,012	-0,116
15,050	-2,331	-9,346	12,095	-0,0557	-0,223	0,289								15,050	-10,900	-0,723	-3,927	-0,2602	-0,017	-0,094
15,100	-2,783	-8,545	19,792	-0,0665	-0,204	0,472								15,100	-10,941	-0,895	-3,142	-0,2612	-0,021	-0,075
15,150	-3,186	-7,367	27,018	-0,0761	-0,176	0,645								15,150	-10,989	-1,037	-2,356	-0,2624	-0,025	-0,056
15,200	-3,520	-5,843	33,458	-0,0840	-0,140	0,799								15,200	-11,044	-1,131	-1,414	-0,2637	-0,027	-0,034
15,250	-3,770	-4,021	38,170	-0,0900	-0,096	0,911								15,250	-11,102	-1,178	-0,157	-0,2651	-0,028	-0,004
15,300	-3,922	-2,026	39,584	-0,0936	-0,048	0,945								15,300	-11,162	-1,147	1,100	-0,2665	-0,027	0,026
15,350	-3,973	-0,063	37,699	-0,0948	-0,002	0,900								15,350	-11,217	-1,068	2,042	-0,2678	-0,025	0,049
15,400	-3,929	1,744	34,558	-0,0938	0,042	0,825								15,400	-11,269	-0,942	2,985	-0,2690	-0,023	0,071
15,450	-3,798	3,393	31,416	-0,0907	0,081	0,750								15,450	-11,311	-0,770	3,613	-0,2700	-0,018	0,086
15,500	-3,589	4,885	27,646	-0,0857	0,117	0,660								15,500	-11,346	-0,581	4,241	-0,2709	-0,014	0,101
15,550	-3,310	6,158	22,305	-0,0790	0,147	0,532								15,550	-11,369	-0,346	4,712	-0,2714	-0,008	0,113
15,600	-2,974	7,116	16,022	-0,0710	0,170	0,383								15,600	-11,380	-0,110	3,927	-0,2717	-0,003	0,094
15,650	-2,598	7,760	9,582	-0,0620	0,185	0,229								15,650	-11,380	0,047	2,513	-0,2717	0,001	0,060
15,700	-2,198	8,074	2,513	-0,0525	0,193	0,060								15,700	-11,376	0,141	1,414	-0,2716	0,003	0,034
15,750	-1,791	8,011	-4,712	-0,0428	0,191	-0,112								15,750	-11,366	0,188	0,471	-0,2714	0,004	0,011
15,800	-1,396	7,603	-11,310	-0,0333	0,182	-0,270								15,800	-11,357	0,188	0,000	-0,2711	0,004	0,000
15,850	-1,030	6,880	-17,436	-0,0246	0,164	-0,416								15,850	-11,347	0,188	-0,157	-0,2709	0,004	-0,004
15,900	-0,708	5,859	-23,091	-0,0169	0,140	-0,551								15,900	-11,338	0,173	-0,471	-0,2707	0,004	-0,011
15,950	-0,445	4,571	-27,489	-0,0106	0,109	-0,656								15,950	-11,330	0,141		-0,2705	0,003	
16,000	-0,251	3,110	-30,473	-0,0060	0,074	-0,727														
16,050	-0,134	1,524	-31,887	-0,0032	0,036	-0,761														
16,100	-0,099	-0,079	-30,788	-0,0024	-0,002	-0,735														
16,150	-0,141	-1,555	-28,431	-0,0034	-0,037	-0,679														
16,200	-0,254	-2,922	-25,918	-0,0061	-0,070	-0,619														
16,250	-0,434	-4,147	-22,462	-0,0104	-0,099	-0,536														
16,300	-0,669	-5,168	-18,064	-0,0160	-0,123	-0,431														
16,350	-0,950	-5,953	-13,038	-0,0227	-0,142	-0,311														
16,400	-1,264	-6,472	-7,383	-0,0302	-0,155	-0,176														
16,450	-1,598	-6,692	-1,571	-0,0381	-0,160	-0,037														
16,500	-1,934	-6,629	4,241	-0,0462	-0,158	0,101														
16,550	-2,260	-6,267	10,053	-0,0540	-0,150	0,240														
16,600	-2,560	-5,623	15,237	-0,0611	-0,134	0,364														
16,650	-2,823	-4,744	19,792	-0,0674	-0,113	0,472														
16,700	-3,035	-3,644	23,719	-0,0725	-0,087	0,566														
16,750	-3,187	-2,372	26,389	-0,0761	-0,057	0,630														
16,800	-3,272	-1,005	27,018	-0,0781	-0,024	0,645														
16,850	-3,288	0,330	25,290	-0,0785	0,008	0,604														
16,900	-3,239	1,524	22,305	-0,0773	0,036	0,533														
16,950	-3,135	2,560	19,635	-0,0749	0,061	0,469														
17,000	-2,983	3,487	16,808	-0,0712	0,083	0,401														
17,050	-2,787	4,241	13,195	-0,0665	0,101	0,315														
17,100	-2,559	4,807	9,268	-0,0611	0,115	0,221														
17,150	-2,306	5,168	4,555	-0,0551	0,123	0,109														
17,200	-2,042	5,262	-0,157	-0,0488	0,126	-0,004														
17,250	-1,780	5,152	-4,398	-0,0425	0,123	-0,105														
17,300	-1,527	4,822	-8,796	-0,0365	0,115	-0,210														
17,350	-1,297	4,273	-12,881	-0,0310	0,102	-0,307														
17,400	-1,100	3,534	-16,179	-0,0263	0,084	-0,386														
17,450	-0,944	2,655	-18,692	-0,0225	0,063	-0,446														
17,500	-0,834	1,665	-20,263	-0,0199	0,040	-0,484														
17,550	-0,778	0,628	-20,106	-0,0186	0,015	-0,480														
17,600	-0,771	-0,346	-18,535	-0,0184	-0,008	-0,443														
17,650	-0,812	-1,225	-16,650	-0,0194	-0,029	-0,398														
17,700	-0,894	-2,011	-14,608	-0,0213	-0,048	-0,349														
17,750	-1,013	-2,686	-12,252	-0,0242	-0,064	-0,292														
17,800	-1,162	-3,236	-9,739	-0,0278	-0,077	-0,232														
17,850	-1,337	-3,660	-6,754	-0,0319	-0,087	-0,161														
17,900	-1,528	-3,911	-3,299	-0,0365	-0,093	-0,079														
17,950	-1,728	-3,990	0,157	-0,0413	-0,095	0,004														
18,000	-1,927	-3,896	3,770	-0,0460	-0,093	0,090														
18,050	-2,117	-3,613	7,069	-0,0506	-0,086	0,169														
18,100	-2,289	-3,189	10,367	-0,0546	-0,076	0,247														
18,150	-2,436	-2,576	13,509	-0,0582	-0,062	0,322														
18,200	-2,546	-1,838	15,551	-0,0608	-0,044	0,371														
18,250	-2,620	-1,021	16,493	-0,0626	-0,024	0,394														
18,300	-2,648	-0,188	15,394	-0,0632	-0,004	0,367														
18,350	-2,639	0,518	12,881	-0,0630	0,012	0,308														
18,400	-2,597	1,100	10,681	-0,0620	0,026	0,255														
18,450	-2,529	1,587	9,111	-0,0604	0,038	0,217														
18,500	-2,438	2,011	7,226	-0,0582	0,048	0,172														
18,550	-2,328	2,309	5,184	-0,0556	0,055	0,124														
18,600	-2,207	2,529	3,299	-0,0527	0,060	0,079														
18,650	-2,075	2,639	0,785	-0,0495	0,063	0,019														
18,700	-1,943	2,608	-1,571	-0,0464	0,062	-0,038														
18,750	-1,814	2,482	-3,613	-0,0433	0,059	-0,086														
18,800	-1,695	2,246	-5,812	-0,0405	0,054	-0,139														
18,850	-1,590	1,901	-7,697	-0,0380	0,045	-0,184														
18,900	-1,505	1,477	-9,111	-0,0359	0,035	-0,217														
18,950	-1,442	0,990	-10,053	-0,0344	0,024	-0,240														
19,000	-1,406	0,471	-9,896	-0,0336	0,011	-0,236														
19,050	-1,395	0,000	-8,482	-0,0333	0,000	-0,202														
19,100	-1,406	-0,377	-6,754	-0,0336	-0,009	-0,161														
19,150	-1,433	-0,675	-5,655	-0,0342	-0,016	-0,135														
19,200	-1,473	-0,942	-4,712	-0,0352	-0,023	-0,113														
19,250	-1,527	-1,147	-3,613	-0,0365	-0,027	-0,086														
19,300	-1,588	-1,304	-2,513	-0,0379	-0,031	-0,060														
19,350	-1,657	-1,398	-1,100	-0,0396	-0,033	-0,026														
19,400	-1,728	-1,414	0,000	-0,0413	-0,034	0,000														
19,450	-1,799	-1,398	0,942	-0,0429	-0,033	0,022														
19,500	-1,868	-1,319		-0,0446	-0,032															
